45.142857142857146
45.142857142857146
45.142857142857146
45.142857142857146
45.142857142857146
45.142857142857146
45.142857142857146
45.142857142857146
45.142857142857146
45.142857142857146
45.142857142857146
45.142857142857146
45.142857142857146
45.142857142857146
45.142857142857146
45.142857142857146
45.142857142857146
45.142857142857146
45.142857142857146
45.142857142857146
45.142857142857146
45.142857142857146
45.142857142857146
45.142857142857146
45.142857142857146
45.142857142857146
45.142857142857146
45.142857142857146
45.142857142857146
45.142857142857146
45.142857142857146
45.142857142857146
45.142857142857146
45.142857142857146
45.142857142857146
45.142857142857146
45.142857142857146
45.142857142857146
45.142857142857146
45.142857142857146
45.142857142857146
45.142857142857146
45.142857142857146
45.142857142857146
45.142857142857146
45.142857142857146
45.142857142857146
45.142857142857146
45.142857142857146
45.12778066092932
45.12780628251908
45.12794269833676
45.12822797660758
45.12865769384575
45.12919725901909
45.12981288594566
45.13047532225747
45.13116131172554
45.13185351239636
45.132539621712986
45.133211252375574
45.1338628685438
45.134490915564385
45.13509317021216
45.13566828651294
45.13621549401548
45.13673440493383
45.13722489382186
45.13768702278314
45.13812099389969
45.138527117466026
45.13890578952554
45.139257475358214
45.13958269737528
45.139882026759054
45.140156078511055
45.14040550960443
45.14063101985472
45.14083335502968
45.14101331166244
45.141171743024906
45.14130956575576
45.14142776670562
45.14152740964763
45.14160964158824
45.14167569849528
45.14172691033169
45.141764705339995
45.14179061356643
45.14180626964759
45.14181341490466
45.14181389881015
45.14180967990921
45.141802826297656
45.14179551578214
45.14179003588241
45.14178742589928
45.14178695445359
45.11237001284081
45.1124207120999
45.1126874043352
45.11325250481023
45.114114918672335
45.115208128838105
45.11646411970998
45.11782173505295
45.1192308574739
45.12065331087916
45.12206174168918
45.123437585463066
45.124768873617704
45.12604829133319
45.12727164647695
45.12843675839575
45.12954270252181
45.130589324201026
45.13157693990896
45.132506160253214
45.13337778759136
45.13419275719073
45.134952103048796
45.13565693779968
45.136308441271794
45.136907855117855
45.13745648231532
45.137955690855065
45.13840692102795
45.13881169564945
45.139171632479076
45.139488458054934
45.13976402219216
45.14000031247533
45.14019946819131
45.140363793278176
45.140495767993535
45.14059805911954
45.14067352861741
45.14072524071903
45.140756467499855
45.14077069301861
45.14077161614026
45.14076315218474
45.14074943357604
45.14073480970106
45.14072384617591
45.14071860957222
45.14071763048477
45.096535701655775
45.096611199681305
45.097002280371
45.09784241042964
45.09914220366942
45.10080622465132
45.10273175407353
45.10482290334938
45.10699887765817
45.10919691357386
45.111371536490644
45.11349186078554
45.11553825097576
45.11749915258201
45.11936847541212
45.12114362715456
45.122824139668886
45.124410767208126
45.125904927467495
45.12730837443102
45.128623018612856
45.129850835975255
45.130993827592086
45.13205400718763
45.133033403678226
45.13393407196084
45.13475810861391
45.1355076708885
45.136184998094684
45.136792434712895
45.1373324545798
45.13780768547143
45.13822093340657
45.13857520604147
45.13887373461637
45.1391199940303
45.13931772074362
45.139470928326816
45.139583920578076
45.13966130221665
45.139707987225776
45.139729204969676
45.13973050424979
45.13971775550274
45.13969715139121
45.139675206123876
45.13965875404635
45.139650881989986
45.13964938429404
45.08044988489379
45.08055040334582
45.081063545336264
45.08217628132987
45.083914611649895
45.08615617476792
45.088763909588764
45.09160647638445
45.09457106546646
45.09756872571235
45.1005342760308
45.10342313497209
45.10620695145969
45.1088692486884
45.1114017010288
45.113801251883025
45.11606804331899
45.11820402038522
45.120212045092856
45.12209536873398
45.123857341376414
45.12550126988776
45.12703036403638
45.128447731913916
45.12975640126053
45.130959353368695
45.132059562445654
45.133060036859426
45.13396386054669
45.13477423372512
45.13549451239122
45.13612824618396
45.13667921421253
45.13715145846156
45.1375493144262
45.13787743869649
45.13814083329286
45.13834486664586
45.13849529119821
45.1385982576842
45.13866032620425
45.13868847426721
45.13869010202436
45.138673034981856
45.138645524576866
45.138616247135786
45.13859430214291
45.13858379510908
45.13858178476937
45.06445527972286
45.06458119967371
45.065217377818996
45.06660066438292
45.068769675781844
45.07157575004834
45.074849456824104
45.07842644481825
45.082164033587986
45.08594849811574
45.08969554016112
45.09334679648328
45.09686469020309
45.1002271312115
45.10342286695196
45.10644778947612
45.10930221027607
45.11198897009966
45.11451220243659
45.11687657367845
45.11908685112596
45.12114768480302
45.12306352152412
45.12483859617941
45.12647696503173
45.12798255967116
45.12935924938358
45.130610905340035
45.13174146330169
45.13275498331216
45.13365570572303
45.13444810327524
45.1351369290934
45.135727260484515
45.13622453844468
45.13663460279725
45.1369637229222
45.13721862408562
45.1374065094349
45.137535077782694
45.13761253735748
45.13764761575489
45.1376495663875
45.137628171820495
45.13759374452049
45.137557125733046
45.13752968374403
45.137516545378176
45.1375140324753
45.048869608904795
45.04902105711905
45.049782417012004
45.051431860716995
45.05401324029277
45.057351834213755
45.06124927416376
45.06551315240145
45.069975745524424
45.0745022597195
45.07899154017808
45.08337239086034
45.08759798828947
45.091640012602156
45.0954833854124
45.099121987024645
45.10255540926862
45.105786634785666
45.10882046749604
45.111662530936115
45.11431867226644
45.11679464180654
45.11909595069666
45.121227837777276
45.123195299310346
45.12500315179313
45.12665610970208
45.12815886766451
45.1295161813618
45.13073294431752
45.13181425930586
45.132765503924674
45.133592390248744
45.13430101862104
45.13489792568254
45.135390126749144
45.13578515265086
45.136091081165866
45.1363165632113
45.13647084399118
45.13656377935039
45.13660584764129
45.136608157485675
45.136582451921115
45.136541109575234
45.1364971436878
45.13646420033881
45.13644843407221
45.13644542885204
45.03398434626771
45.03416067484775
45.0350474628442
45.03695214718085
45.03991432848986
45.04373433267524
45.04818989259612
45.05306731009204
45.0581803038336
45.06337806571755
45.068545853537856
45.07360126872233
45.07848860602012
45.08317283411254
45.08763408864914
45.09186307929783
45.09585750868911
45.09961943151509
45.103153404210516
45.1064652548191
45.10956131333548
45.11244796791668
45.11513144142073
45.11761771003569
45.1199125087249
45.12202138613348
45.123949784794306
45.12570313171047
45.127286930564054
45.128706850731966
45.12996881067146
45.1310790545974
45.13204422209726
45.1328714106798
45.133568231403885
45.13414285778651
45.13460406820424
45.13496128201255
45.135224589623874
45.13540477681614
45.13551334358857
45.13556251794543
45.135565265072685
45.13553529248219
45.13548705183501
45.135435738261414
45.135397288495994
45.13537889511949
45.135375405471386
45.020060047033
45.02025979549924
45.02126731680297
45.023405267144355
45.026700346669685
45.030931349256136
45.03585890860213
45.04125582310437
45.04692428197229
45.05270287634331
45.05846686773134
45.06412459106929
45.06961207984882
45.07488727885539
45.07992464366924
45.084710521916534
45.08923944581183
45.09351130714319
45.097529303878154
45.10129851617228
45.10482496880444
45.10811505262751
45.11117519997529
45.11401173227468
45.11663081921538
45.119038506355146
45.12124078170365
45.12324366195361
45.12505328619812
45.126676009837055
45.12811849453754
45.12938779207684
45.13049142105558
45.13143743611617
45.13223448963763
45.132891886041016
45.13341962891406
45.13382846120113
45.134129898734564
45.134336257420834
45.134460674447546
45.134517123948314
45.134520427653186
45.13448626115506
45.134431156531946
45.13437250210163
45.13432854057302
45.134307516464375
45.13430354498125
45.00731659387229
45.00753941385115
45.00865629221795
45.010990833914704
45.01455259340991
45.019105866420105
45.02440256259071
45.030209868775394
45.036325005099414
45.042580915880045
45.04884622275238
45.05502191953945
45.06103652855257
45.066840836794306
45.07240288592119
45.077703575155155
45.08273302346395
45.08748770196441
45.091968269348136
45.096178005385205
45.100121726647025
45.103805073982095
45.107234075271485
45.11041490431299
45.11335377403081
45.116056917750534
45.11853062521203
45.120781310167565
45.122815594050856
45.124640395702706
45.12626302094715
45.12769124834879
45.12893340910625
45.1299984600354
45.13089604918419
45.13163657395521
45.132231231795664
45.13269206362291
45.13303199022431
45.133264841935926
45.13340538197467
45.133469323882935
45.133473343639444
45.13343508708876
45.133373173432965
45.133307195534094
45.13325771829234
45.13323405447126
45.1332295949829
44.995919049827336
44.99617171727988
44.99738003234346
44.99985799121701
45.003602481713145
45.00837424939283
45.01392559438747
45.0200251912824
45.026470715455034
45.03309348741755
45.0397582825197
45.046360460343735
45.05282181086924
45.059085996815256
45.06511412778184
45.07088077077775
45.07637054445154
45.08157533857588
45.08649213265425
45.091121348458636
45.0954656532003
45.09952912639605
45.103316708965366
45.10683386351671
45.11008638714379
45.113080330373634
45.11582198702834
45.118317929137035
45.1205750685291
45.122600732474524
45.12440274495443
45.125989508137714
45.12737008069154
45.1285542509139
45.1295526035522
45.130376579719915
45.13103852966329
45.1315517583436
45.131930563945375
45.13219026953433
45.13234724819065
45.132418942047885
45.132423875772574
45.13238166512373
45.13231302132027
45.13223975194176
45.13218475965504
45.13215844252682
45.13215347764745
44.98596630848851
44.98627153763709
44.98754668425402
44.990099362076435
44.99392938396463
44.998806901012266
45.004493170985675
45.010764183003715
45.01742220820613
45.02429994905812
45.03126047203099
45.038194900928865
45.0450190380265
45.051669600604136
45.05810048422403
45.06427929776494
45.07018430659744
45.07580184461054
45.08112420245627
45.08614796348142
45.090872737180504
45.09530022968727
45.099433588883166
45.103276965380125
45.1068352375745
45.110113857337986
45.11311878141928
45.11585646147126
45.11833387237062
45.1205585640164
45.122538726114016
45.124283258709575
45.12580184361509
45.12710501354717
45.128204216960484
45.129111877338524
45.12984144622667
45.130407449641126
45.13082552773164
45.13111246775682
45.13128623057933
45.13136597102234
45.131372052553715
45.131326056884134
45.131250789172675
45.13117027954102
45.13110978213658
45.13108079697476
45.131075299544456
44.97751225101552
44.977893432767296
44.979198675385724
44.98174768026173
44.98556145378305
44.99043113208584
44.99613432052685
45.00245906049295
45.00921534088061
45.01623941332649
45.02339419702201
45.03056768174656
45.037670372756196
45.044632345196334
45.0514002306821
45.05793433104131
45.064205979982546
45.07019522271732
45.075888844894266
45.08127875230344
45.0863606810006
45.0911332033426
45.09559698799663
45.099754269943475
45.10360848831872
45.107164054185326
45.110426215803685
45.11340099475645
45.11609517179392
45.11851630614118
45.12067277609801
45.12257383204851
45.124229655542514
45.12565142002252
45.1268513501686
45.12784277783524
45.12864019326283
45.12925929074661
45.1297170083041
45.130031561148016
45.130222468980236
45.13031057729703
45.130318073050326
45.130268495154326
45.13018674046373
45.13009906593031
45.130033088084666
45.13000142536379
45.129995366202415
44.970623135146596
44.97103071131946
44.97231095403665
44.97477894911488
44.97848009427203
44.98323568144292
44.98884609890651
44.99511543095992
45.00186383558928
45.00893272265408
45.016186028264734
45.02350949829296
45.030808999153315
45.03800838173764
45.045047180011174
45.05187831034254
45.05846588019265
45.06478317985701
45.07081090398997
45.076535626399654
45.08194853191081
45.08704439368477
45.09182077367033
45.096277417635456
45.10041581381625
45.1042388846919
45.107750783803255
45.11095677303005
45.11386315966948
45.116477276541474
45.1188074918951
45.12086323895303
45.12265505745895
45.12419464160696
45.12549489028948
45.12656995677911
45.12743529583489
45.12810770687103
45.12860537230308
45.12894789054748
45.12915630342824
45.129253117971636
45.129262322762806
45.12920939921523
45.12912132827755
45.129026593277196
45.12895517993606
45.128920842556155
45.128914202098876
44.965218237354875
44.96560604679683
44.96680541817297
44.969122237608474
44.97262675265295
44.97717600621373
44.982597900218316
44.98871577162503
44.99536196365293
45.00238436125394
45.00964888935416
45.01703985103558
45.02445915133112
45.03182495445391
45.039070062146465
45.04614017692752
45.05299215668307
45.05959233730406
45.06591497959945
45.071940878762085
45.077656157952866
45.083051252747886
45.088120081171105
45.09285938530536
45.09726822501698
45.101347601738745
45.10510018991368
45.10853015494128
45.11164303867011
45.11444569614958
45.1169462701132
45.119154192277456
45.12108020285974
45.12273638168733
45.124136185881234
45.12529449038266
45.12622762859145
45.12695343115489
45.12749126153556
45.12786204743936
45.128088307539215
45.128194173215554
45.12820540527527
45.12814940582951
45.12805522572429
45.127953568142956
45.12787678929247
45.12783979741663
45.12783257125248
44.961133452227074
44.96147871699203
44.962557172038935
44.964668219393964
44.96791025494547
44.972179905837166
44.977335735342294
44.9832227013331
44.989687003882814
44.99658420558279
45.00378317303141
45.01116760186378
45.01863619716283
45.02610211087195
45.03349196451119
45.0407446433033
45.0478099788
45.05464740312288
45.06122463804976
45.067516466775835
45.07350362196774
45.07917181034462
45.08451088210719
45.089514143768696
45.09417780568283
45.09850055080846
45.10248320871302
45.106128518058426
45.10944096134747
45.112426657076774
45.1150932962649
45.117450112304894
45.11950787503305
45.12127890168134
45.12277707892984
45.124017891576806
45.12501845441134
45.1257975447255
45.12637563358297
45.12677491449461
45.12701932857926
45.127134585633634
45.12714818082937
45.12708940701767
45.12698936287683
45.12688095739772
45.12679891152861
45.1267593037764
45.12675149926292
44.9581692894196
44.958465342329355
44.95940349464031
44.96127660198333
44.96421349485507
44.96815299107531
44.972986426539826
44.978582118694625
44.98480155488052
44.99150917287744
44.998577830290365
45.00589157960946
45.0133468293702
45.02085255110993
45.02832991680685
45.035711591656316
45.042940821414
45.04997040920155
45.05676165235399
45.06328329387957
45.069510530004
45.07542410325206
45.08100949942135
45.086256257043644
45.09115738993215
45.09570891739339
45.09990949261055
45.103760117370356
45.10726393037943
45.11042605654156
45.113253505401666
45.11575510820973
45.11794148449387
45.11982503048776
45.12141992312969
45.122742134577244
45.12380945324086
45.1246415082259
45.12525979480447
45.125687699134836
45.12595052093224
45.126075493198556
45.126091798461076
45.12603058127742
45.125924957056256
45.125810017537916
45.12572283362103
45.12568066622945
45.12567229774598
44.95611327944977
44.9563622055547
44.957158875649775
44.95878583731949
44.96140046701936
44.96498407828275
44.96946171494268
44.97472626177423
44.980655772826246
44.98712482031522
44.994011458821234
45.00120124345585
45.008589367264236
45.01608162418396
45.02359463862093
45.031055631454585
45.038401890992915
45.045580060559814
45.052545322578894
45.05926053973749
45.06569540013071
45.07182560191807
45.0776321028048
45.083100450445585
45.08822020187808
45.09298443356309
45.09738933864923
45.10143390464867
45.10511966263704
45.10845049813738
45.11143251374354
45.11407393402594
45.116385044118694
45.118378154430545
45.12006758502103
45.12146966424953
45.1226027372807
45.123487180893235
45.12414542178033
45.12460195615625
45.12488336901186
45.12501835180548
45.12503771776103
45.12497441428752
45.12486353235381
45.12474231296024
45.124650151155535
45.12460549687187
45.12459658339894
44.954756602340595
44.9549647791694
44.95563197424556
44.95702530052181
44.959324689602404
44.962551121042225
44.96666253820104
44.971576819681324
44.97718962805856
44.98338696262693
44.99005343054094
44.99707741916884
45.00435416807632
45.011787464327206
45.01929044504431
45.02678581851964
45.034205703237646
45.04149121616453
45.04859190154306
45.05546506732855
45.062075080674795
45.06839266220703
45.074394209093576
45.080061168342844
45.08537947415403
45.09033905663253
45.094933423865726
45.09915931528634
45.103016421380424
45.10650716299612
45.10963652259271
45.11241191954053
45.11484312184333
45.1169421872355
45.11872342736556
45.12020338960888
45.121400851881326
45.122336826605796
45.12303457068821
45.12351959898074
45.12381969924973
45.123964947133324
45.12398771998232
45.123922708840865
45.123806928152696
45.12367972307564
45.12358277454729
45.12353572183313
45.12352628611582
44.9539075281161
44.954083074015436
44.95464072244548
44.95582782906105
44.957838598380306
44.96072791313254
44.96448376506536
44.96904830027633
44.97433532040244
44.980243407813575
44.9866651264404
44.993493149265795
45.000624167893875
45.00796127410785
45.015415311669216
45.02290553764858
45.03035981880582
45.037714513644
45.04491414375092
45.05191092892804
45.0586642420298
45.06514002662985
45.071310210837055
45.07715214240851
45.08264806317577
45.087784634569644
45.092552520721654
45.09694603129126
45.10096282283095
45.104603655106004
45.107872197232126
45.11077487764443
45.11332077161672
45.11552152015983
45.11739127451288
45.11894666099029
45.120206761574316
45.12119310628893
45.12192967401349
45.1224428989711
45.12276168064809
45.122917395364325
45.1229439081257
45.1228775837532
45.12275729660454
45.12262443848223
45.122522924553024
45.12247357697259
45.122463645227185
44.95340096382518
44.953552186863035
44.95402359381196
44.95504041078914
44.95680253649811
44.95939104593646
44.96281933038751
44.96705174928227
44.97201996768613
44.97763590766952
44.983801351495785
44.99041470661682
44.99737558160987
45.004587768722175
45.011961104282086
45.01941255065711
45.02686673985716
45.03425614409904
45.041520988195664
45.04860898576568
45.05547495990556
45.06208039460797
45.068392952864635
45.07438598928765
45.08003807829412
45.08533257301496
45.09025720498596
45.09480373035038
45.09896762476413
45.10274782644758
45.10614652482258
45.10916899083571
45.111823444293826
45.114120953209614
45.116075360165155
45.117703230944116
45.11902382107448
45.12005905639464
45.12083352425631
45.12137447247403
45.12171181359999
45.12187813253583
45.12190869588226
45.12184146177278
45.1217170892388
45.12157894641451
45.12147311710365
45.12142159264098
45.1214111943305
44.953103580375874
44.953238025933835
44.95364641659371
44.95453168057764
44.9560919933572
44.95842620912623
44.96156732417754
44.96549867380267
44.97016856037695
44.9755023636805
44.98141197704934
44.987802810610056
44.99457878853723
45.001645796288486
45.00891397926368
45.01629921092207
45.023723967240834
45.03111777836345
45.03841737955411
45.045566649588245
45.05251640162774
45.059224075899756
45.06565337240408
45.07177385357006
45.077560540137206
45.082993517933254
45.08805756837942
45.09274183136774
45.09703950560784
45.10094758863525
45.10446665639434
45.10760068062444
45.11035688112164
45.11274560924489
45.114780258697074
45.11647719955119
45.11785573163197
45.11893805363424
45.1197492447083
45.12031725562593
45.12067290702931
45.1208498926392
45.12088478564455
45.12081704680597
45.120689033078925
45.12054600580331
45.120436137704296
45.1203825678344
45.120371735372416
44.95291482978843
44.95303876546927
44.95340498263174
44.95419583942145
44.95560230890221
44.957733021804714
44.960634429223965
44.96430481587808
44.968707015586006
44.973779228959955
44.9794438012514
44.98561405428665
44.99219941457064
44.99910914141526
45.00625495710815
45.01355284313149
45.02092421543915
45.02829664237242
45.03560422760407
45.04278774902761
45.04979462164064
45.05657873621326
45.06310021391195
45.06932510848047
45.075225080938644
45.08077706633817
45.08596294750681
45.090769246725
45.095186842834764
45.09921071835922
45.10283973880682
45.10607646443469
45.10892699331757
45.11140083356723
45.11351080191014
45.11527294549228
45.11670648367338
45.11783376663461
45.11868024780324
45.11927446734493
45.119648044259606
45.119835674909055
45.11987513608797
45.11980729101206
45.11967609683177
45.119528612495316
45.11941500595519
45.11935953438704
45.11934830275078
44.952764741279964
44.952882976088425
44.95322422206226
44.953953316310155
44.955250693246555
44.95722795327102
44.95993920428061
44.963393362296564
44.96756505270516
44.97240394563679
44.97784254507727
44.98380250387717
44.990199593574864
44.99694750318487
45.00396066248191
45.01115628169678
45.01845577864613
45.02578573578447
45.03307850081815
45.04027251933956
45.04731246776513
45.054149239476494
45.06073982558116
45.06704712310232
45.07303969678913
45.07869151544331
45.083981679246826
45.08889415079214
45.09341749922847
45.0975446640934
45.101272742979596
45.10460280518506
45.107539731899315
45.110092082261524
45.11227198375346
45.114095044813304
45.11558028722321
45.11675009568387
45.117630181991096
45.118249561331545
45.11864053837833
45.118838701061996
45.11888292009917
45.11881535256154
45.118681447954444
45.11852995545069
45.11841293105669
45.11835571212888
45.11834411839214
44.95260959877423
44.95272553782125
44.95305495301926
44.95374889845239
44.95497588918996
44.95684530057317
44.959413957922315
44.962697265652686
44.966678598598335
44.9713172000064
44.976554840023695
44.98232138254724
44.98853935571287
44.99512761596373
45.002004210172466
45.0090885526888
45.01630303583049
45.02357418388988
45.03083344640104
45.03801771034382
45.045069595868945
45.05193758728236
45.058576040678034
45.06494510148114
45.07101055878069
45.076743658221986
45.08212089101619
45.08712377304647
45.091738624943616
45.09595636129249
45.09977229477322
45.10318595902729
45.10620095236481
45.108824803077944
45.111068856085105
45.11294817986369
45.11448149210525
45.115691102202646
45.11660286851176
45.11724616828437
45.117653878203996
45.11786236354516
45.117911474094996
45.11784454510406
45.11770840166208
45.117553365018416
45.11743325944836
45.117374456197396
45.11736253899829
44.95242655864189
44.95254239971579
44.952869235298856
44.95354820425189
44.95473607184942
44.95653650001211
44.95900522365889
44.96216052166712
44.965991503971395
44.97046478458824
44.97553003744051
44.98112471511412
44.98717805874287
44.993614457180264
45.00035619932617
45.00732567290274
45.01444707521964
45.02164770770543
45.0288589250558
45.03601680386103
45.04306258716536
45.049942952581155
45.05661014346815
45.063021995741146
45.0691418871178
45.07493863088629
45.08038633233822
45.08546422267065
45.09015648226402
45.094452062699396
45.098344514637795
45.101831826726304
45.10491627901556
45.10760431296205
45.10990641894325
45.111837041313976
45.113414500356
45.11466092999422
45.11560222983466
45.1162680298915
45.11669166628091
45.116910166137785
45.11696424003633
45.1168982802434
45.11676036319453
45.11660225464676
45.11647941598298
45.116419197929254
45.11640699688914
44.95220807934783
44.952325073183175
44.95265522581802
44.953333338051955
44.95450566159677
44.95626822165238
44.95867305039522
44.96173842560356
44.96545647294403
44.96979891684225
44.97472168576354
44.98016880196241
44.98607576011793
44.99237246722751
44.99898576245505
45.005841527687295
45.012866410116764
45.01998919112644
45.02714184430118
45.034260328326944
45.04128515912318
45.04816180160243
45.0548409164713
45.0612784924367
45.067435889549564
45.073279815360685
45.078782252068955
45.08392034982218
45.08867629869033
45.093037189494844
45.09699487159685
45.100545813896844
45.10369097367077
45.10643567645787
45.1087895090255
45.11076622645534
45.11238367361339
45.1136637206657
45.114632211858186
45.11531892646552
45.115757550607825
45.115985658506574
45.11604470168043
45.1159800045472
45.11584076488549
45.115680057606816
45.11555484024707
45.11549338096095
45.115480936072565
44.95195678905631
44.952075506291294
44.95241222114409
44.953098419170985
44.9542716772662
44.95601974290501
44.9583894360877
44.96139696793703
44.965035230720076
44.969278951951054
44.974088571466595
44.97941341000042
44.985194428776495
44.991366698796476
44.997861605212954
45.004608779294365
45.01153774987546
45.01857931779326
45.02566666943661
45.03273625453227
45.039728457813126
45.046588095118764
45.053264763056966
45.059713068730225
45.06589276297462
45.07176879751073
45.077311323571735
45.0824956470074
45.08730215255897
45.09171620792341
45.095728056349046
45.09933270480582
45.10252981324698
45.10532358912337
45.10772269012758
45.10974013713346
45.11139323845387
45.112703525853526
45.11369670221439
45.11440260033525
45.11485515203838
45.11509236653233
45.115156316818116
45.11509313281056
45.11495299975837
45.114790160476836
45.11466291979967
45.11460039432253
45.114587745326375
44.95168117002782
44.95180173904435
44.952146336951365
44.95284548225683
44.95403013145957
44.95578005417088
44.95813626244482
44.96111160738916
44.964698049437324
44.96887151412878
44.97359528454854
44.97882260866999
44.98449891512956
44.99056381876006
44.996952971135656
45.003599752466606
45.01043678412989
45.01739724509657
45.02441598686063
45.031430452826285
45.03838141647309
45.045213557473595
45.05187589689761
45.058322112611336
45.06451075479383
45.07040537973829
45.075974618154675
45.08119219223653
45.08603689389342
45.090492534803246
45.09454787731806
45.09819655375365
45.1014369802116
45.10427226982314
45.106710149173516
45.1087628806671
45.110447192730405
45.111784219018276
45.11279944718357
45.11352267727817
45.113987989462025
45.11423372038896
45.114302447396156
45.11424097943218
45.11410035349897
45.113935835248306
45.11380692220478
45.11374350440668
45.113730690175394
44.9513922247003
44.95151452242168
44.95186705741123
44.95258104759756
44.95378281492533
44.955545054452905
44.95790305654474
44.960865680510835
44.96442280712684
44.96855013819928
44.97321233210002
44.97836522771725
44.98395763000187
44.989932903713346
44.996230473294105
45.002787245482786
45.00953893666935
45.016421279762035
45.02337109123151
45.030327189111674
45.0372311623745
45.0440279993619
45.050666587547695
45.057100099238085
45.063286278537795
45.06918764459549
45.074771625242654
45.08001063394661
45.084882101688194
45.08936847404107
45.09345718242101
45.09714059721407
45.100415969295454
45.10328536532839
45.105755601193444
45.107838176953265
45.10954921591257
45.11090940959074
45.111943969785656
45.112682588365324
45.11315940497255
45.11341298245379
45.11348628951397
45.11342668984093
45.1132859367201
45.11312017196614
45.112989927774784
45.11292578773455
45.11291284568457
44.95110112508023
44.95122491605128
44.95158471303338
44.95231348811536
44.95353466572999
44.955315080259496
44.95768483677613
44.96064868481581
44.96419377018707
44.968294552312535
44.972915871614234
44.97801495908982
44.98354291993903
44.989445995928094
44.99566675049379
45.00214522300601
45.00882004847721
45.01562951968549
45.02251256672727
45.02940963512236
45.036263452074024
45.04301967837055
45.04962744949854
45.05603981362682
45.062214076494286
45.06811206432158
45.07370031607928
45.07895021610311
45.08383807738049
45.08834518498719
45.09245780821863
45.096167188990655
45.09946951311334
45.102365870091816
45.10486220619548
45.10696927468024
45.10870258625385
45.11008236215531
45.11113349157611
45.111885494587405
45.11237249124881
45.112633177154045
45.11271080530874
45.11265317392381
45.112512619433645
45.112346013803275
45.112214764921326
45.11215006641291
45.11213703196171
44.95081773858957
44.95094276626039
44.95130882237603
44.95205118899684
44.95329179163131
44.95509290058525
44.95748021805917
44.96045462407012
44.96400027462013
44.96808974406386
44.97268716373826
44.97775015996083
44.98323115972777
44.98907841413452
44.99523692590699
45.00164936034287
45.00825695714793
45.01500043046069
45.021820833943586
45.02866036832196
45.035463114224164
45.04217568001597
45.04874776063479
45.05513260842926
45.061287420551544
45.067173649702255
45.07275724627498
45.078008840463795
45.08290387291868
45.087422682228926
45.091550557004666
45.09527775969046
45.09859952853626
45.10151606340741
45.10403250036115
45.106158879178174
45.10791010732495
45.1093059231545
45.110370860535426
45.111134216538424
45.11163002330824
45.11189702480341
45.11197865869332
45.111923043352604
45.11178296958097
45.111615896393424
45.111483949924526
45.111418848089336
45.11140575417422
44.950549864889965
44.95067590364161
44.95104715976597
44.95180140964531
44.95306012005338
44.95488221859232
44.957289871550486
44.96028054533583
44.96383544698072
44.967924941716696
44.97251185239067
44.9775534339502
44.98300260799363
44.988808838130936
44.994918866924074
45.001277424629635
45.00782795088966
45.01451333194183
45.0212766378245
45.028061838545966
45.034814479594004
45.04148230171205
45.04801579526598
45.054368684533934
45.060498341334196
45.066366130436464
45.07193769127249
45.077183161746035
45.082077350628325
45.08659986527395
45.09073520133264
45.09447280086121
45.09780708482329
45.10073746545464
45.10326834340334
45.105409093957775
45.10717404607162
45.108582457302425
45.10965848721332
45.11043117125443
45.1109343966487
45.11120688135746
45.1112921567942
45.11123855458573
45.1110991973445
45.110931993109055
45.110799632787874
45.11073427206388
45.1107211487361
44.9503029994494
44.95042987750386
44.950805379756346
44.95156971172755
44.95284459049952
44.95468665324715
44.95711536729717
44.960125339656884
44.96369506347532
44.96779261760103
44.972379172538716
44.977411073400454
44.982841086080875
44.98861920434313
44.99469326316186
45.0010094942913
45.00751308778462
45.01414877918749
45.02086145801772
45.02759678216251
45.03430177991303
45.04092542291901
45.04741915698317
45.0537373818387
45.05983787502781
45.06568215833755
45.07123580783545
45.07646871041763
45.08135527103828
45.08587457555388
45.090010514500975
45.093751873227866
45.09709239369384
45.100030812992024
45.10257088328978
45.10472137744793
45.106496084105665
45.10791379552344
45.108998290981894
45.10977831805004
45.1102875735762
45.11056468582131
45.11065319875225
45.11060155914192
45.11046310677957
45.110296067779565
45.11016355064778
45.11009806301501
45.11008493711889
44.950080448960975
44.950208051907374
44.950587028688055
44.95135980328476
44.95264877499539
44.95450913213806
44.95695837931755
44.9599888294379
44.96357660347806
44.96768758976521
44.97228116793695
44.977312439837796
44.98273354438392
44.9884944596921
44.99454355273816
45.00082803157836
45.00729438300525
45.01388883189236
45.02055783036647
45.02724856963659
45.03390950046341
45.040490846677464
45.046945097570934
45.053227467850235
45.059296317145844
45.065113524253405
45.070644814028796
45.07586003707073
45.08073340399754
45.085243677314686
45.08937432465503
45.09311363763081
45.09645482073637
45.09939605474345
45.10194053888486
45.10409651586911
45.10587728343803
45.1073011958022
45.10839165788295
45.10917711487517
45.10969103923369
45.10997191678792
45.110063233310136
45.11001346250709
45.10987605606955
45.10970943610582
45.10957698996316
45.10951149355088
45.109498388495375
44.94988364993614
44.95001191305926
44.950393793345484
44.95117365755393
44.95247480640004
44.95435160679388
44.95682020186683
44.959871129251205
44.963478517530866
44.967606266798775
44.97221197825501
44.97724934639369
44.982669575871526
44.988422223779054
44.99445573423632
45.00071783260416
45.007155876715565
45.01371721558676
45.0203495759008
45.02700147831286
45.03362267565102
45.040164600659715
45.04658081004729
45.05282741279447
45.05886347293138
45.06465137961312
45.070157179892504
45.07535087187265
45.080206657817364
45.08470315828417
45.08882358944642
45.09255590653731
45.09589291683207
45.09883236583704
45.101377000426425
45.103534612597386
45.10531806733944
45.10674531786414
45.10783941114002
45.1086284863464
45.10914576851476
45.109429559279654
45.109523226321585
45.10947519275853
45.10933892743272
45.10917293675038
45.10904075843137
45.10897535651743
45.10896229214273
44.94971257553812
44.94984147113138
44.95022586663765
44.95101178716547
44.952323504609524
44.954214998934134
44.956701510970674
44.95977224361157
44.96339970252025
44.96754605361038
44.97216723177076
44.9772154889034
44.9826409265057
44.988392405911476
44.994418103517994
45.00066588454714
45.00708360245164
45.013619385406116
45.02022194072549
45.02684088824588
45.03342712158171
45.03993318947089
45.04631368645218
45.05252564160819
45.05852889509995
45.064286454012674
45.06976482114112
45.07493429244774
45.07976922083986
45.08424824554042
45.088354487637325
45.09207571339738
45.09540446765176
45.098338180037615
45.10087924715478
45.103035093808074
45.104818216487566
45.10624621212359
45.107341794966686
45.10813280420659
45.10865220467889
45.10893808272652
45.10903363899775
45.10898717968118
45.108852107406044
45.10868691278057
45.10855516727369
45.108489947689854
45.108476940228755
44.949566150126714
44.94969567397522
44.95008234303142
44.95087358218773
44.95219460986372
44.95409929463026
44.95660230305006
44.95969185375095
44.96333915880664
44.96750491506333
44.972143559294395
44.977205954910765
44.982641039426944
44.98839681587298
44.99442095177315
45.00066116079835
45.007065479551244
45.01358250845854
45.020161655880116
45.02675340433097
45.03330960441765
45.03978379381852
45.04613153400749
45.052310755377526
45.058282101139845
45.06400926120924
45.069459288744774
45.07460289373749
45.079414709780835
45.08387353177021
45.087962523673944
45.091669396662645
45.09498655877798
45.09791123798113
45.10044558087342
45.10259672965917
45.104376880053564
45.10580332285775
45.10689847185538
45.10768988055169
45.108210250099646
45.108497430552674
45.10859441736326
45.108549344822
45.108415477910015
45.108251203824814
45.10812002421808
45.108055059159746
45.10804212128951
44.94944262165127
44.94957278115085
44.94996158705349
44.95075764855614
44.95208705496144
44.954003718261696
44.95652194861173
44.959629243093396
44.96329579474953
44.96748108035605
44.97213822894188
44.97721682420975
44.98266465654453
44.98842879762658
44.99445625537219
45.000694382626314
45.007091153910814
45.01359538356101
45.02015693014851
45.02672691231391
45.03325794750008
45.039704415934274
45.04602274642673
45.05217171729032
45.058112764267804
45.063810287229764
45.069231948128326
45.07434895389734
45.07913631941616
45.083573107105835
45.08764264108448
45.09133269499734
45.09463565362879
45.097548649188845
45.100073673759226
45.10221766980289
45.10399260091117
45.10541550511005
45.106508533097006
45.107298973752634
45.107819269189314
45.10810702147802
45.10820499304808
45.1081611025959
45.10802841817546
45.10786514898456
45.10773463719114
45.10766998341474
45.1076571243924
44.949339866676254
44.9494706717328
44.94986154367613
44.95066210824376
44.95199923020969
44.953926935336135
44.956459309855646
44.959583315123396
44.96326834159635
44.96747286336631
44.97214889034609
44.97724486216525
44.98270748925315
44.9884829050764
44.99451738068971
45.00075777145788
45.007151809589274
45.01364831756268
45.020197390808676
45.02675057919976
45.03326108355168
45.039683973933094
45.04597643015956
45.05209800073971
45.05801087422039
45.06368015590282
45.069074142893335
45.07416459108308
45.07892696866212
45.08334069195659
45.08738934058726
45.09106085008744
45.09434768112481
45.09724696532421
45.09976062837222
45.101895491614115
45.10366335373901
45.10508105441242
45.10617052187554
45.1069588066086
45.10747810316937
45.10776576228394
45.107864295200606
45.10782137223022
45.10768981729852
45.107527600237006
45.107397828428
45.10733352780593
45.10732075367714
44.9492556207968
44.949387077739964
44.949779978661326
44.95058484232324
44.951929213941995
44.953867249826835
44.95641288368449
44.95955266499331
44.96325534406115
44.96747857167672
44.97217341057857
44.977287298347164
44.9827659603988
44.98855462986922
44.994598819381686
45.000844810219725
45.00723997033246
45.01373297608085
45.020273987604476
45.02681481008611
45.0333090605199
45.03971235037939
45.04598248796532
45.052079699634405
45.05796686616397
45.06360976885572
45.06897733932473
45.07404190698531
45.07877943879816
45.08316976668697
45.08719679901286
45.09084871349915
45.094118129950516
45.09700226196285
45.09950304754952
45.101627259210005
45.103386594441936
45.10479774805663
45.105882467919514
45.10666759591073
45.107185096009765
45.107472071460606
45.10757077298889
45.10752860002968
45.10739809689518
45.107236945776854
45.107107958427136
45.107044038818884
45.10703135268843
44.94918763892614
44.94931974712383
44.94971465003756
44.95052367237141
44.95187495629949
44.95382277591806
44.956380943868574
44.95953567534195
44.9632551971714
44.96749647821835
44.972209781648004
44.977341677817826
44.98283701272815
44.98864018375867
44.99469596255565
45.00095002628924
45.00734930575633
45.01384222382187
45.02037887413173
45.02691117364972
45.03339301077409
45.03978040207733
45.04603166424248
45.0521076030481
45.05797171795673
45.063590418737995
45.06893324938119
45.07397311411268
45.07868650043713
45.08305369459455
45.08705898552429
45.09069085423453
45.09394214630872
45.09681022607759
45.09929711171065
45.10140959111361
45.10315931905156
45.10456289635206
45.105641932385886
45.10642309228536
45.106938130553495
45.10722391285475
45.10732242787105
45.107280791168904
45.10715124306295
45.106991142490685
45.106862958927465
45.106799435317015
45.10678683766776
44.9491337964575
44.94926654705448
44.94966341964465
44.950476484876035
44.951834414480864
44.953791575136606
44.95636166671888
44.959530615805555
44.96326620648588
44.967524832996
44.97225607990637
44.977405770178656
44.982917974789615
44.98873633259352
44.99480491646214
45.00106880316769
45.0074744523987
45.013969966335466
45.02050527879708
45.02703230768121
45.03350509353066
45.03987993900233
45.046115557916664
45.052173237954406
45.05801701765925
45.06361387600885
45.06893393127021
45.07395064500596
45.07864102679747
45.0829858353615
45.0869697721329
45.09058166396185
45.093814632242875
45.09666624649022
45.09913866105273
45.10123873428934
45.10297813008746
45.104373402090985
45.10544606141196
45.10622262893436
45.106734673588356
45.107018838185056
45.10711685456993
45.10707554998449
45.10694684663283
45.10678775654129
45.10666037387517
45.10659724971881
45.106584738764944
44.94909214490398
44.94922552104312
44.94962431728116
44.95044130830863
44.95180564426186
44.953771757673586
44.95635323294001
44.95953573359556
44.9632866553761
44.96756189697657
44.97231045999419
44.97747752146294
44.9830064732316
44.98884027549534
44.99492235800421
45.00119722345642
45.007610855652196
45.01411100157775
45.02064737497185
45.027171814519114
45.03363841975983
45.04000368043835
45.04622660940934
45.05226888488546
45.05809500447407
45.06367245095449
45.06897186797552
45.073967242700775
45.07863609179584
45.08295964693459
45.0869230361055
45.090515457329815
45.093730341885816
45.09656550470055
45.09902328016866
45.10111064225152
45.10283930826887
45.10422582630497
45.1052916466018
45.106063177701195
45.10657182842927
45.10685403709311
45.10695128949334
45.10691012755097
45.106782150515045
45.1066240108686
45.106497407182424
45.10643467590726
45.106422247968055
44.94906093556652
44.94919491350939
44.94959557065444
44.95041635439243
44.951786856007914
44.9537615515973
44.95635390425841
44.959549328793024
44.963314868935335
44.96760598501498
44.9723711691838
44.97755503539993
44.98310038013084
44.98894956099744
44.99504542550861
45.00133194229075
45.007754635067215
45.01426088642963
45.020800157311115
45.0273241543121
45.0337869676687
45.04014519593161
45.046358068342954
45.05238757192597
45.058198587155935
45.063759033615035
45.06904002515798
45.074016032767325
45.078665052391436
45.08296877457071
45.086912752500076
45.09048656527513
45.09368397336188
45.0965030637528
45.098946382769974
45.101021055010655
45.10273888746414
45.10411645834011
45.10517519062036
45.10594141077266
45.106446393441004
45.106726393256395
45.1068226651984
45.10678147518772
45.10665410281219
45.10649683829055
45.106370975962726
45.10630862255686
45.10629627243705
44.94903862316634
44.94917317384898
44.949575613183015
44.950400034860195
44.95177644450347
44.95375934618763
44.95636207717399
44.95956981254123
44.96334926881566
44.96765550903575
44.97243657142886
44.977636572790786
44.98319778483031
44.98906203145425
44.99517163865543
45.001470088086236
45.00790247282815
45.014415820599254
45.02095932874483
45.027484542027494
45.03394549540469
45.040298837803135
45.046503948305016
45.052523052565526
45.05832134438079
45.06386711496885
45.06913189064016
45.07409057808064
45.07872161541386
45.0830071265185
45.08693307570602
45.09048941976475
45.093670254492515
45.096473953120764
45.09890329442413
45.10096557876879
45.102672730842684
45.10404138830273
45.105092976048674
45.105853766275
45.106354924859126
45.10663254500803
45.106727669413516
45.106686302459984
45.1065594142948
45.10640293881608
45.106277767861535
45.10621577049769
45.10620349186145
44.94902385904965
44.949158949745716
44.94956307961883
44.95039096354375
44.951773001494885
44.95376371641214
44.95637631815463
44.95959574923099
44.963388416756096
44.96770901624037
44.97250517361651
44.97772056019615
44.983296981264694
44.989175787494425
44.99529884096107
45.001609186164565
45.00805152338743
45.014572548260624
45.02112120056951
45.02764885225425
45.03410945610124
45.04045967085988
45.04665897432473
45.052669772665325
45.05845751163164
45.06399079305017
45.06924149818924
45.07418491808287
45.07879988975266
45.08306893644263
45.086978409457856
45.090518628942895
45.09368402090801
45.096473247962855
45.098889331505326
45.10093976349145
45.102636606344696
45.103996580021104
45.10504113570356
45.105796516040336
45.10629380226083
45.10656894888528
45.1066628071016
45.1066211382063
45.106494618806465
45.10633883975824
45.106214301080605
45.10615263271974
45.10614041844792
44.94901548111503
44.94915107700591
44.94955679709116
44.95038795164311
44.95177531855324
44.95377343519936
44.956395385230294
44.9596258853285
44.963431046814314
44.967765219733515
44.97257564916059
44.97780560146358
44.983396463507894
44.98928916531853
44.99542515846612
45.00174710037524
45.008199341221726
45.01472827637809
45.02128260648481
45.02781353426362
45.03427491895319
45.040623403764755
45.04681852784712
45.05282283124885
45.05860195891623
45.06412476769452
45.06936343853899
45.07429359467364
45.078894425255626
45.08314881321345
45.08704346531325
45.090569042149
45.09372028561814
45.0964961414927
45.09889987489071
45.100939176752455
45.10262625979474
45.10397794282692
45.10501572273889
45.10576583389584
45.106259295086296
45.106531944561546
45.10662446407128
45.10658239314462
45.106456135186136
45.10630095725995
45.10617698572261
45.10611561565003
45.10610345817102
44.94901250538216
44.949148570935314
44.949555776925294
44.950390001944086
44.95178238619797
44.95378747912484
44.95641824066289
44.95965916800111
44.9634760875174
44.96782302067657
44.97264685605385
44.97789048760043
44.98349492400818
44.989400720940274
44.99554896903378
45.00188198800962
45.00834382332711
45.014880607891044
45.021440830348766
45.02797553857167
45.034438498775636
45.04078632539022
45.0469785930335
45.052977939099804
45.058750163154265
45.06426432737008
45.069492860569895
45.07441166701968
45.07900023997197
45.083241779060856
45.08712331001109
45.09063580471413
45.09377429952506
45.096538009609596
45.098930437288516
45.100959472554564
45.10263748423965
45.10398140066764
45.10501277901019
45.10575786295823
45.10624762871538
45.10651781970015
45.10660897071304
45.10656642267271
45.106440329358165
45.106285657910604
45.106162185151064
45.10610108040504
45.106088971991355
44.949014122274534
44.94915062240552
44.94955921066673
44.950396305850724
44.95179339350125
44.95380503176402
44.95644405851912
44.95969475645288
44.96352267552257
44.96788152199732
44.97271784781884
44.977974202031476
44.983591250518394
44.98950921683251
44.99566887770247
45.00201226392748
45.00848316324759
45.01502748769114
45.02159354683276
45.02813225540064
45.034597295510366
45.04094524845629
45.04713570725556
45.053131378327045
45.058898178432116
45.06440533112107
45.06962546534159
45.07453471753849
45.07911283749582
45.08334329733267
45.08721340244973
45.09071440281462
45.09384160274931
45.09659446731397
45.0989767234429
45.100996454151634
45.10266618437662
45.104002957305596
45.10502840039052
45.10576878058987
45.10625504874973
45.10652287339397
45.10661266455059
45.106569588585124
45.10644357534423
45.10628931923362
45.10616627616353
45.10610540282459
45.10609333585049
44.949019699252794
44.94915660029035
44.949566472200296
44.95040624548221
44.951807730784054
44.95382548750127
44.956472229806685
44.959732028143414
44.96357016214746
44.967940033975864
44.97278787655235
44.97805591938097
44.98368451901842
44.98961360774989
44.9957836947075
45.00213657072075
45.0086158139879
45.015167159496315
45.02173877395918
45.02828146492306
45.03474884439832
45.04109746187637
45.04728691774142
45.05327996520166
45.05904260659518
45.06454418809032
45.06975749530121
45.07465885112546
45.079228216148486
45.08344929121794
45.087309621249254
45.09080069895533
45.09391806697427
45.096661416782766
45.099034682803016
45.10104613022282
45.102708435232934
45.104038756622984
45.10505879795954
45.10579485987608
45.10627788233004
45.10654347701398
45.10663195044224
45.10658831856474
45.10646231408279
45.10630838795742
45.10618570690877
45.10612503122673
45.106112998383395
44.94902879033618
44.949166060831764
44.94957712664378
44.95041940174391
44.95182499657123
44.95384845713516
44.95650236651674
44.95977058102747
44.96361811349922
44.967998071870504
44.97285638758295
44.978134996665034
44.983773980979606
44.98971302371055
44.9958924139984
45.00225375280458
45.008740457959256
45.01529813218116
45.021874836589845
45.02842129890998
45.034891076991414
45.0412406924948
45.04742974549802
45.05342101773961
45.05918056989313
45.06467783646726
45.069885720533264
45.074780689409224
45.07934287161652
45.083556154816876
45.08740828399822
45.09089095887614
45.09399992928983
45.096735087283584
45.09910055455981
45.101104764058704
45.102760534552736
45.10408513732575
45.105100354234416
45.10583252670742
45.10631259551951
45.10657613147448
45.10666335743801
45.106619162467666
45.106493109097464
45.106339435135396
45.10621705163223
45.1061565409764
45.106144535443406
44.94904115216655
44.949178763590105
44.94959094570546
44.95043556813521
44.95184500865969
44.95387377520963
44.95653430453893
44.95981023176417
44.96366630407672
44.96805534533167
44.972923005323445
44.978210956295236
44.983859044205396
44.98980674924422
44.99599419128851
45.00236283346064
45.00885598302775
45.01541915473004
45.0220003401787
45.02855021329592
45.03502229276548
45.04137307627126
45.04756215688355
45.05355232872364
45.05930968666412
45.064803723082996
45.07000742343333
45.07489736148813
45.07945379447863
45.08366075788888
45.087506159346056
45.090981870823605
45.09408381822814
45.09681206736117
45.09917090522812
45.101168915700086
45.10281904862341
45.10413868160265
45.105149673859785
45.10587841178082
45.10635584599872
45.10661752012118
45.10670359148488
45.10665884459902
45.10653269822804
45.10637920734863
45.10625706149923
45.106196685126854
45.10618470070051
44.94905676545867
44.94919469280648
44.94960792828322
44.950454768982446
44.95186781788915
44.95390150760815
44.95656810402271
44.95985100861413
44.963714702802775
44.9681117388554
44.9729875098762
44.978283460729
44.98393924730382
44.98989419910015
44.99608832186708
45.00246299499367
45.008961464665845
45.01552919960131
45.02211415437133
45.02866697110113
45.03514114074209
45.04149313841173
45.04768254253867
45.053672144165006
45.059428050388526
45.06491978430516
45.07012038273002
45.075006492268564
45.07955846384842
45.08376044551823
45.0876004731107
45.091070558219826
45.09416677283737
45.09688932992626
45.09924265917874
45.101235477213976
45.10288085152122
45.10419625754166
45.10520362841256
45.105929397061395
45.10640453053287
45.10666455665173
45.10674958336524
45.10670431136091
45.10657804081605
45.10642467340091
45.10630271092096
45.10624244056485
45.1062304717457
44.94907585980935
44.94921408211629
44.94962832410942
44.95047727964449
44.9518937218813
44.953931956521586
44.95660404437576
44.959893136565825
44.963763449609964
44.96816728212603
44.97304980401167
44.97835227910912
44.984014228719545
44.98997489171586
44.996174219579316
45.00255356323228
45.009056155033555
45.01562745479299
45.02221540619608
45.02877063501455
45.03524661016039
45.04159978143487
45.047789702805986
45.05377914662118
45.05953421189903
45.06502442841066
45.070222857393496
45.07510618923305
45.07965483815867
45.08385303382545
45.08768890953971
45.09115458679766
45.09424625573387
45.09696425101804
45.09931312269983
45.10130170148795
45.10294315796907
45.10425505532479
45.10525939519501
45.105982656461094
45.1064558268794
45.106714427679016
45.106798531446174
45.10675277383964
45.10662635991656
45.10647306608959
45.10635123897918
45.10629104926329
45.10627909130582
44.94909893880515
44.94923743950637
44.94965265709318
44.950503644903854
44.9519232745308
44.95396565840547
44.95664260975989
44.95993701122183
44.9638128201065
44.96822210895673
44.97310987045593
44.97841724696268
44.984083692291826
44.990048422928446
44.99625139951048
45.002633998515705
45.00913948040204
45.01571332514025
45.022303482529416
45.028860568657116
45.035338028825095
45.04169227969061
45.04788283829214
45.05387244234152
45.05962716413676
45.065116519272024
45.070313570682266
45.07519502823688
45.079741343942885
45.08393680273847
45.08776960880443
45.09123196726788
45.09432016111818
45.0970346230985
45.09938000229018
45.10136522507659
45.1030035501697
45.10431261740652
45.10531449008311
45.10603569068492
45.106507229998016
45.10676462973685
45.106847939002165
45.10680174507755
45.106675179280934
45.106521918806386
45.10640018571262
45.106340054409564
45.10632810333941
44.94912680112104
44.94926556816431
44.949681743611634
44.9505346901302
44.95195728533128
44.95400336900511
44.95668445977627
44.95998315727585
44.9638631756394
44.968276403806684
44.973167720148304
44.97847822112802
44.98414737260152
44.99011444367502
44.996319467917814
45.00270389592082
45.00921104852787
45.01578644322597
45.02237804114991
45.028936445082834
45.03541506729436
45.04177027843912
45.04796154388986
45.05395155093854
45.05970632861744
45.06519536099996
45.07039169441005
45.075272038781996
45.07981686334023
45.08401048673475
45.08784116173553
45.09130115454578
45.09438681874037
45.0970986637752
45.099441417958744
45.10142408573503
45.10305999910615
45.104366863028936
45.10536679465684
45.10608635636549
45.10655658259907
45.10681300070114
45.106895646044435
45.1068490719435
45.10672235501944
45.106569096880555
45.10644742318462
45.10638733133256
45.10637538393735
44.94916055190401
44.94929957749846
44.94971669934268
44.95057151784182
44.95199680074281
44.95404602809501
44.9567303792127
44.960032167191905
44.96391489638813
44.96833033568505
44.97322333343188
44.9785350336806
44.98420500497197
44.99017264669412
44.996378123663014
45.00276299759727
45.00927066722828
45.01584668966457
45.02243902901283
45.0289982604778
45.03547774662875
45.041833795315384
45.048025804420384
45.05401639620684
45.059771542729884
45.06526068314541
45.070456833459964
45.07533668914257
45.079880720962464
45.08407326437432
45.08790260272573
45.091361044503046
45.09444499476479
45.09715502084352
45.09949591233391
45.101476735335574
45.103110880889055
45.10441610753748
45.10541457796929
45.10613288974822
45.106602100215184
45.10685774575415
45.10693985574389
45.10689296166533
45.10676610199915
45.10661282372201
45.10649118139346
45.10643111329081
45.10641916708979
44.94920159750351
44.9493408773116
44.949758926361646
44.950615480073395
44.9520430579868
44.954094695563846
44.95678120048573
44.960084616048114
44.96396829602684
44.96838398077022
44.97327659817435
44.978587450793746
44.984256306750574
44.990222768196006
44.996427175438285
45.002811219383105
45.00931837431151
45.01589422136014
45.02248670539929
45.029046350332564
45.03552644703745
45.04188322185926
45.04807599006294
45.0540672967836
45.05982304706619
45.06531262610746
45.07050901056632
45.07538887166156
45.079932670668356
45.08412474732967
45.08795340160677
45.09141096910171
45.094493890397885
45.097202774484586
45.099542456362286
45.10152204887396
45.10315498877353
45.104459077032985
45.105456513405294
45.10617392530143
45.106642391106
45.10689745814971
45.10697915567017
45.10693200322439
45.10680501516519
45.10665170194952
45.10653006921298
45.10647001230975
45.10645806549543
44.94925161649446
44.94939114723963
44.94981007022155
44.95066811486439
44.952097400515946
44.954150450379366
44.95683769290834
44.960140949435775
44.964023518135505
44.96843723761161
44.973327251856944
44.978635145168234
44.9843009780812
44.99026461063404
44.99646657804539
45.00284869216706
45.009354477193774
45.01592950480313
45.02252166653127
45.02908140478833
45.035561914573336
45.041919322858014
45.04811284992669
45.05410495555598
45.05986147215012
45.06535172648551
45.07054865139565
45.07542888847534
45.07997288267404
45.0841649694674
45.087993455143284
45.09145069060715
45.09453313900084
45.097241437339335
45.09958045229751
45.101559330227616
45.10319154145852
45.104494918917226
45.10549169113008
45.106208509696614
45.106676471391864
45.10693113513593
45.10701253417183
45.106965183915655
45.10683808607638
45.10668472978768
45.106563090645814
45.10650303535422
45.10649108670539
44.949312502978415
44.9494522734289
44.94987193472551
44.95073103426052
44.95216114512443
44.95421424528257
44.9569004140879
44.96020134293798
44.96408041759882
44.968489743191746
44.97337483916472
44.97867769376186
44.984338731319404
44.99029809170716
44.99649648885346
45.0028758161039
45.009379598602834
45.015953350271495
45.02254486779517
45.02910448000351
45.035585263556946
45.04194323196179
45.048137502867895
45.05413044740343
45.05988782450032
45.06537890255523
45.07057657027411
45.07545743813391
45.080001931555024
45.084194376601864
45.088023078811425
45.09148039557929
45.09456280240163
45.097270953174565
45.09960973467985
45.10158831534119
45.10322018830905
45.10452320893118
45.10551962668276
45.10623611167103
45.1067037758889
45.106958189471484
45.10703939230629
45.106991901462855
45.10686471503229
45.106711313105485
45.1065896567593
45.10652959620951
45.106517645002775
44.94938628686463
44.94952624455916
44.94994634053279
44.95080575341046
44.95223539408291
44.95428671188964
44.956969519517614
44.96026553414722
44.9641384355897
44.96854080474351
44.9734187016658
44.97871461428688
44.984369356737574
44.99032332126006
44.996517341648484
45.002893322512584
45.0093947226147
45.01596694177801
45.02255763956824
45.029117002788965
45.035597973072385
45.04195644274787
45.04815142529631
45.05414520537282
45.05990347232713
45.06539544027234
45.070593957020485
45.07547560360723
45.0800207856554
45.08421381746373
45.08804299943293
45.0915006892405
45.094583367030324
45.097291694782285
45.099630569959594
45.10160917349342
45.10324101214798
45.10454395531666
45.105540266324276
45.10625662835716
45.106724165204156
45.10697845707232
45.107059551836166
45.107011972188026
45.10688471927936
45.10673127357466
45.1066095937782
45.10654952354178
45.10653756947089
44.9494750474221
44.949614997125366
44.95003491528361
44.950893458570164
44.952320790811115
44.954367910527885
44.957044526487024
44.960332633882466
44.96419648666635
44.96858937101604
44.97345801984026
44.978745452093875
44.98439282689769
44.99034070166477
44.99652993002147
45.00290233499313
45.00940123369805
45.01597185731333
45.02256169310694
45.029120766547145
45.0356018766954
45.041960795097005
45.04815643621234
45.054151005685696
45.05991013129272
45.065402980205626
45.07060236524159
45.075484842000044
45.08003079821245
45.08422453619815
45.088054349005866
45.09151259060062
45.09459574030254
45.09730446158491
45.09964365527794
45.10162250719476
45.10325453019225
45.10455760069427
45.10555398974094
45.10627038868032
45.1067379296867
45.10699220137338
45.10707325986451
45.10702563579773
45.10689833784786
45.1067448534915
45.10662314787139
45.106563065668595
45.106551108771384
44.949580823020405
44.94972018931946
44.95013881661351
44.95099472668185
44.95241721771149
44.95445701316916
44.957124032022314
44.96040093822076
44.96425289260321
44.9686340747142
44.973491925959145
44.97876992117886
44.98440943279303
44.99035103977011
44.99653548788704
45.00290441946407
45.00940094151057
45.015970075035504
45.022559114419714
45.029117917963305
45.035599145778335
45.04195845760641
45.048154680292384
45.05414995232077
45.059909850933195
45.0654035058438
45.070603702405656
45.07548697620089
45.080033700374386
45.084228166560884
45.08805865992077
45.091517528570286
45.094601247539465
45.09731047729566
45.09965011681744
45.101629351184236
45.10326169365258
45.10456502221585
45.10556161069023
45.10627815442944
45.10674579084786
45.10700011501902
45.107081190718695
45.107033557388824
45.10690623361724
45.10675271785296
45.10663098721405
45.10657089261355
45.10655893320842
44.949705388852756
44.94984285939885
44.95025843347808
44.951109218861234
44.952523416486706
44.954551901234595
44.95720540619406
44.96046779346515
44.964305414879384
44.96867337660095
44.973519693566615
44.9787880879207
44.98441993306338
44.99035565180122
44.99653575243736
45.00290161340676
45.0093960861714
45.01596396339149
45.022552346154285
45.02911093554253
45.035592267772245
45.04195190750017
45.0481486102592
45.054144462113385
45.05990500239499
45.065399333684596
45.070600221919
45.07548418856965
45.080031596151585
45.08422672783724
45.08805786160937
45.091517339159566
45.09460162958834
45.09731138787532
45.0996515080423
45.101631170922126
45.10326388646044
45.1045675305131
45.10556437615803
45.106281119605505
45.10674890087783
45.107003319521475
45.10708444572211
45.10703682730685
45.106909493236124
45.106755954310465
45.106634201944765
45.1065740960532
45.10656213468183
44.94984934361184
44.94998291416563
44.950393188709846
44.95123533974613
44.9526364652752
44.95464868387878
44.95728454234296
44.96052960442819
44.96435143816167
44.96870581934505
44.97354098300087
44.97880056658515
44.98442568726155
44.990356439685684
44.99653299637044
45.00289642803583
45.00938932242916
45.01595625629416
45.022544159846824
45.029102602620895
45.0355840219804
45.04194390997272
45.04814096996638
45.05413725133472
45.05989826806357
45.06539310539109
45.070594517285265
45.075479016615226
45.08002695919103
45.08422262236277
45.088054278535274
45.091514263731305
45.0945990411925
45.09730925992548
45.09964980806276
45.10162986090532
45.10326292353511
45.104566867930366
45.105563964577186
45.10628090864632
45.10674884089357
45.10700336354209
45.10708455151614
45.1070369595159
45.10690962554773
45.10675607164933
45.106634302669185
45.10657418779196
45.10656222512437
44.950009133837035
44.95013852200773
44.95054154998851
44.95136976597704
44.952751111294226
44.95474131339476
44.957355860566565
44.96058209520751
44.964388322333114
44.96873035561371
44.97355609162351
44.978808681217096
44.98442874179195
44.990355921395505
44.99653002256052
45.002891823192634
45.00938368591259
45.01595001773836
45.02253762284968
45.02909597850261
45.0355774555432
45.04193749894391
45.04813477947446
45.05413132447679
45.05989263340012
45.06538778204293
45.07058951818884
45.07547435040042
45.08002263107027
45.08421863435428
45.088050629285156
45.09151094814601
45.09459605004575
45.09730657956118
45.0996474202784
45.1016277430678
45.103261048954394
45.10456520649501
45.10556248363754
45.10627957411962
45.106747618556206
45.10700222046872
45.10708345762369
45.107035889169644
45.10690855919346
45.106754997454516
45.10663321818846
45.10657309743971
45.10656113398146
44.950164380029435
44.95030503510215
44.95070078531703
44.9515065437234
44.9528600803482
44.95482344204687
44.9574150992571
44.960623232556735
44.96441585773113
44.96874803097684
44.97356679919543
44.978814553858804
44.98443130647535
44.99035625274447
44.99652887041072
45.00288970885557
45.009380971058974
45.01594695244516
45.022534378923964
45.02909267276924
45.03557416633844
45.0419342779372
45.048131660179635
45.05412832834013
45.059889774069575
45.065385068256866
45.07058695562123
45.075471942732456
45.08002038050853
45.08421654177524
45.08804869415157
45.09150916830982
45.094594421526004
45.09730509636191
45.099646074291535
45.101626524089205
45.103259944827606
45.1045642033855
45.105561566432144
45.106278726938626
45.106746825361974
45.10700146575204
45.107082727146924
45.10703517074404
45.10690784346062
45.1067542786326
45.10663249474749
45.106572370702224
45.106560405475314
44.95027937404195
44.950472967265966
44.95086184348454
44.95163567628883
44.952956088906845
44.95489149522238
44.957461730382406
44.96065438895416
44.96443627243859
44.96876118315216
44.97357511668273
44.978819676288026
44.98443432224636
44.99035788085013
44.99652958766616
45.00288983414692
45.00938071952558
45.015946470039935
45.022533764660615
45.02909199335603
45.03557346607198
45.04193358556527
45.04813099374896
45.05412769864508
45.05988918709575
45.065384526885715
45.070586460789045
45.07547149418824
45.08001997728305
45.084216182448515
45.088048376986
45.09150889130011
45.0945941824041
45.09730489258453
45.09964590302918
45.1016263822292
45.10325982899843
45.104564110005505
45.105561491783035
45.10627866726248
45.106746776978326
45.10700142519299
45.107082691308406
45.1070351370533
45.106907810051645
45.10675424447876
45.10663245958695
45.106572333562234
45.106560363261906
