1.0
1.0
1.0
1.0
1.0
1.0
1.0
1.0
1.0
1.0
1.0
1.0
1.0
1.0
1.0
1.0
1.0
1.0
1.0
1.0
1.0
1.0
1.0
1.0
1.0
1.0
1.0
1.0
1.0
1.0
1.0
1.0
1.0
1.0
1.0
1.0
1.0
1.0
1.0
1.0
1.0
1.0
1.0
1.0
1.0
1.0
1.0
1.0
1.0
0.9992042779158347
0.9992049433496637
0.9992086441261202
0.9992168119603662
0.9992298219795918
0.9992470482632639
0.9992677177751463
0.9992910441666456
0.9993163063246293
0.9993428826799958
0.9993702571810469
0.9993980104251194
0.9994258050504083
0.9994533705240622
0.9994804896877097
0.9995069877915843
0.9995327239370995
0.9995575845295144
0.9995814782833096
0.9996043323796366
0.999626089468344
0.9996467052973887
0.9996661468239856
0.9996843907115536
0.9997014221473769
0.9997172339330623
0.999731825808413
0.999745203973321
0.9997573807744116
0.9997683745250752
0.9997782094298828
0.9997869155873725
0.9997945290486521
0.9998010919129349
0.9998066524447333
0.99981126520076
0.9998149911575192
0.9998178978330324
0.9998200593981441
0.9998215567744471
0.9998224777171238
0.999822916881971
0.9998229758766815
0.9998227632971344
0.9998223947500908
0.9998219928643791
0.9998216872933209
0.9998215386048744
0.9998215078867447
0.9983956266138214
0.9983969566479215
0.998404305465715
0.998420680736349
0.9984469895843706
0.9984820189924287
0.9985241981090991
0.9985718847787369
0.9986235487505708
0.9986778627887447
0.9987337279880486
0.9987902606786248
0.9988467619049846
0.9989026827085496
0.9989575921493445
0.9990111508146495
0.9990630901877052
0.9991131971418216
0.9991613024787056
0.9992072724727973
0.9992510025811803
0.9992924127026772
0.9993314435617617
0.9993680539353221
0.9994022185356763
0.9994339264220207
0.9994631798462832
0.9994899934579506
0.9995143938029426
0.9995364190585204
0.9995561189520591
0.9995735548173821
0.9995887997485531
0.9996019388173707
0.9996130693270394
0.999622301080287
0.9996297566453506
0.9996355716076669
0.9996398947987538
0.9996428884967322
0.9996447285953086
0.9996456047399528
0.9996457204315989
0.9996452930995864
0.9996445541468327
0.9996437489714853
0.9996431369708085
0.9996428392090424
0.9996427776748401
0.997570284359683
0.9975722843179884
0.9975832419878172
0.9976078997424311
0.9976478741833549
0.9977014140345146
0.9977661227652477
0.9978394236870392
0.9979188789496656
0.998002360596971
0.9980881089001759
0.9981747204474356
0.9982611013195517
0.9983464092819843
0.9984299985285118
0.9985113730089089
0.998590149807376
0.9986660317185064
0.9987387872884327
0.998808236499105
0.9988742405368841
0.9989366944504036
0.9989955218428683
0.9990506710139525
0.9991021121602062
0.9991498353721208
0.9991938492474682
0.9992341799899106
0.999270870891463
0.999303982115789
0.9993335907119522
0.999359790798234
0.999382693864476
0.999402429149687
0.9994191440594549
0.9994330045949035
0.9994441957713837
0.9994529220106961
0.9994594074953929
0.9994638964776497
0.9994666535384634
0.9994679637956447
0.999468133061405
0.9994674879524393
0.9994663759573896
0.9994651654685447
0.9994642457864243
0.9994637983893981
0.9994637058963833
0.9967343567017308
0.9967370350114769
0.9967515901488434
0.996784567099692
0.9968383807346063
0.9969107810297367
0.9969985439222687
0.9970981291455436
0.997206148522366
0.9973196265209464
0.9974360985904221
0.9975536048012366
0.9976706288595476
0.9977860175764317
0.997898901414354
0.9980086259451171
0.9981146972577318
0.9982167407120397
0.9983144708806043
0.9984076701684956
0.9984961738334077
0.998579859575678
0.9986586403326899
0.9987324593085726
0.998801286573458
0.9988651167824226
0.998923967709786
0.9989778793887466
0.9990269137059252
0.9990711543379301
0.9991107069413643
0.9991456995244744
0.9991762829412881
0.9992026314594347
0.9992249433618138
0.999243441550217
0.9992583741260421
0.9992700149294035
0.9992786640232695
0.9992846481138076
0.9992883209020037
0.999290063364977
0.9992902839683941
0.999289418814145
0.9992879317301347
0.9992863143119689
0.9992850859280645
0.999284488433949
0.99928436486724
0.9959005109662972
0.9959038692236144
0.9959220083659576
0.9959632095216168
0.9960306441996188
0.996121585311418
0.9962320255626302
0.9963575114715655
0.9964937471180729
0.9966369369171151
0.9967839225311813
0.9969321850826771
0.9970797749803556
0.9972252135191664
0.9973673928561103
0.9975054877322466
0.9976388837768317
0.997767122443619
0.9978898603892692
0.998006840391717
0.9981178709982073
0.9982228125311315
0.9983215676057421
0.9984140747992827
0.9985003045064267
0.9985802563136221
0.9986539574369495
0.9987214619128643
0.9987828503270196
0.9988382299286411
0.9988877350182904
0.9989315275235313
0.9989697976954129
0.9990027648721836
0.9990306782672298
0.9990538177469536
0.9990724945717697
0.999087052079851
0.9990978662988969
0.9991053464761215
0.999109935520999
0.9991121103591735
0.9991123821994891
0.9991112967194687
0.9991094341779176
0.9991074094669938
0.9991058721177759
0.999105124400384
0.9991049697326561
0.9950805357117956
0.9950845621558908
0.9951062411260246
0.9951554093491538
0.9952358550390462
0.9953443953016552
0.9954763243748901
0.99562639084528
0.995789502790898
0.9959611319119404
0.9961374818340245
0.9963155012855652
0.996492811762268
0.9966675991950007
0.9968385001590309
0.9970044987920303
0.9971648410835208
0.9973189676115712
0.9974664629562139
0.9976070188967078
0.997740408351791
0.9978664673506077
0.9979850828257462
0.998096184534527
0.9981997398636534
0.9982957506301718
0.9983842512599383
0.9984653079169633
0.9985390182899396
0.9986055118319079
0.9986649503085224
0.998717528549769
0.9987634753264024
0.9988030542906444
0.9988365649339398
0.9988643435247061
0.9988867639972029
0.9989042387695044
0.9989172194745067
0.9989261975931476
0.9989317049837365
0.9989343143056278
0.9989346393395293
0.9989333352106565
0.9989310985248554
0.9989286674321403
0.9989268216338341
0.9989259239148893
0.998925738208305
0.9942852158086323
0.9942898773180435
0.9943149795243938
0.9943716439651216
0.9944640792056121
0.9945886889686306
0.9947401961900272
0.9949127174065412
0.9951005247314697
0.9952984848030474
0.9955022496293954
0.9957082833648672
0.9959137958333318
0.9961166335631918
0.9963151605895303
0.9965081470821802
0.9966946741586806
0.9968740572428297
0.9970457870204619
0.99720948551513
0.9973648743549097
0.997511752434846
0.9976499805791561
0.9977794712840574
0.9979001820752865
0.9980121113992177
0.998115296270859
0.9982098111308048
0.9982957675286688
0.9983733143666219
0.9984426385163359
0.9985039656765604
0.9985575613749479
0.9986037320425268
0.9986428261065244
0.9986752350598117
0.9987013944748202
0.9987217849374737
0.9987369328831571
0.9987474113224271
0.9987538404493231
0.9987568881299406
0.9987572702735007
0.9987557510926003
0.9987531432637332
0.9987503080041827
0.9987481550829448
0.9987471079480722
0.9987468913568436
0.9935241577558891
0.9935294042694485
0.993557706902647
0.9936211295195267
0.9937240974006387
0.9938626928112951
0.9940312419744436
0.9942234305422317
0.9944330793703426
0.9946545963286351
0.9948831836076212
0.9951148813526239
0.9953465147079277
0.9955755931352394
0.9958001941681975
0.9960188506665432
0.9962304513469352
0.9964341583227351
0.996629341797214
0.9968155301791564
0.9969923731201508
0.9971596148588128
0.9973170754886026
0.9974646381438259
0.9976022405052909
0.9977298694009115
0.997847557590727
0.9979553820745277
0.9980534634487
0.9981419659768442
0.9982210981370453
0.9982911134774084
0.9983523116589251
0.9984050395974118
0.998449692638958
0.9984867157194293
0.9985166044704235
0.998539906243227
0.9985572210297534
0.9985692022658211
0.9985765575078671
0.998580048979541
0.9985804939897749
0.9985787652289468
0.9985757909547153
0.9985725550847684
0.9985700972145429
0.9985689016331215
0.9985686544066535
0.9928055333638388
0.9928113546910379
0.992842527366453
0.9929116610780816
0.9930232591720842
0.9931732564603809
0.9933558029170397
0.9935643694247382
0.9937925114335521
0.9940343237314816
0.9942846627579356
0.9945392104682769
0.9947944410001188
0.9950475355253144
0.995296276161146
0.9955389382275973
0.995774191649375
0.9960010165112219
0.9962186341063781
0.9964264527005509
0.9966240261796165
0.9968110233760133
0.9969872058960256
0.9971524125048142
0.9973065484435868
0.997449578379592
0.9975815219854094
0.9977024513925903
0.997812489962902
0.9979118119723103
0.9980006429157047
0.9980792602222449
0.9981479942295837
0.9982072293064109
0.9982574050417806
0.9982990174403246
0.9983326200774554
0.9983588251799644
0.9983783046063367
0.9983917907085497
0.9984000770636552
0.9984040190694922
0.9984045344046746
0.9984026033587035
0.9983992690437165
0.9983956375058219
0.9983928777532927
0.9983915351019195
0.9983912575884096
0.9921357510364336
0.9921423502360559
0.9921759861699903
0.9922494470194304
0.9923673568046275
0.9925257717222062
0.9927189110175358
0.9929402379222202
0.9931832115330032
0.9934417461556065
0.993710450311942
0.9939847135466234
0.9942606967784803
0.9945352677576081
0.9948059105908358
0.995070628242183
0.9953278493928583
0.9955763457144402
0.9958151620369442
0.9960435596584941
0.996260971774388
0.9964669693959616
0.9966612359473895
0.9968435487974371
0.9970137661819258
0.9971718182219095
0.9973177009941424
0.9974514728383487
0.9975732522787403
0.9976832170928287
0.9977816041816053
0.997868709986636
0.9979448912672919
0.9980105661006233
0.9980662150020086
0.9981123820904548
0.9981496762412566
0.998178772182805
0.9982004115052735
0.9982154035578057
0.9982246262184578
0.9982290265280543
0.9982296211856464
0.9982274969097036
0.9982238106756532
0.9982197898480412
0.9982167322232545
0.9982152443119957
0.9982149369623369
0.9915192185494044
0.9915272766995394
0.9915628783898489
0.9916389463710696
0.9917605397978935
0.991924149254576
0.9921242963044725
0.9923546184522628
0.9926086238765857
0.9928801616426812
0.9931636803615875
0.9934543400150679
0.9937480283697487
0.9940413201018725
0.9943314055681796
0.9946160074025329
0.9948932965351303
0.9951618144455261
0.9954204051098455
0.9956681578659605
0.9959043610224696
0.9961284652469814
0.9963400553988176
0.9965388293742847
0.9967245825996782
0.9968971969604513
0.9970566331424086
0.997202925549957
0.997336179139284
0.9974565676524223
0.9975643328594459
0.9976597845119837
0.9977433007851639
0.9978153290409564
0.9978763867875131
0.9979270627399818
0.997968017911215
0.997999986678088
0.9980237777825093
0.9980402752369267
0.9980504391131297
0.9980553062011074
0.9980559905320886
0.9980536837670415
0.9980496554591072
0.9980452532073895
0.9980419027173636
0.9980402718175535
0.9980399351895104
0.9909591227609088
0.9909692636823518
0.9910060341476405
0.9910827662490369
0.9912053117705303
0.9913708620717021
0.9915744425073478
0.9918100220779362
0.9920712825705943
0.9923521070943734
0.9926468624730763
0.9929505381443681
0.9932587900253368
0.9935679248767322
0.9938748503851932
0.9941770083572161
0.9944723025989279
0.9947590287855695
0.9950358105479183
0.9953015438484506
0.9955553502744
0.995796538964163
0.9960245763644364
0.9962390627713383
0.9964397145471406
0.996626350954711
0.9967988846631267
0.996957315114932
0.9971017240855305
0.9972322728950371
0.997349200846021
0.9974528245548595
0.9975435379204551
0.9976218125338772
0.997688198378699
0.9977433247071115
0.9977879010037743
0.9978227179699538
0.9978486484764977
0.9978666484469857
0.997877757642986
0.9978831003325227
0.9978838858311782
0.9978814089131249
0.9978770500971167
0.9978722758213567
0.9978686385222465
0.9978668673946387
0.9978665021573263
0.9904585836676953
0.9904696305711479
0.9905062652181169
0.9905817384987038
0.99070263481355
0.9908670457242856
0.9910706747970154
0.9913079597655043
0.9915728640840982
0.9918593915760604
0.9921618973231326
0.9924752558842296
0.9927949335474054
0.9931169985709782
0.9934380934915426
0.9937553862873965
0.9940665118752054
0.9943695115474976
0.9946627751403935
0.9949449886889291
0.9952150888950739
0.9954722247620792
0.9957157261279395
0.9959450784702326
0.9961599031802745
0.9963599424566592
0.9965450480003653
0.9967151727710213
0.9968703651620926
0.997010765055338
0.9971366013119642
0.997248190344161
0.997345935484052
0.997430326927489
0.9975019420786639
0.9975614461599185
0.9976095929812216
0.997647225787325
0.9976752781191892
0.9976947746411545
0.9977068318976259
0.9977126589735292
0.9977135580421304
0.9977109247924345
0.9977062487365923
0.9977011134057975
0.9976971964489035
0.9976952883708479
0.9976948953090268
0.9900168227082569
0.99002761587219
0.9900627525418711
0.9901351799401894
0.9902521069734515
0.9904126323840359
0.9906132648922936
0.9908490235794221
0.9911142466419648
0.9914031354795464
0.9917100976365176
0.9920299462509748
0.9923580013110124
0.9926901258669105
0.9930227207329491
0.9933526941647102
0.9936774179487167
0.9939946777186571
0.9943026226889897
0.9945997180858935
0.9948847021701822
0.9951565487607095
0.9954144354885341
0.9956577175705232
0.9958859066278822
0.9960986539420601
0.99629573749801
0.9964770521814289
0.9966426025482974
0.9967924976542369
0.9969269475058524
0.9970462607686517
0.9971508434319498
0.9972411981883674
0.9973179243336633
0.9973817180322282
0.997433372825627
0.9974737802873486
0.9975039307476504
0.9975249140291964
0.9975379201480913
0.997544239946708
0.997545265635045
0.9975424912267229
0.9975375128644657
0.9975320290382877
0.9975278407084588
0.9975257994969654
0.997525379513979
0.9896306087532589
0.9896405973553422
0.9896732166282337
0.9897411219443956
0.989852160258138
0.9900065041678884
0.9902015478928392
0.9904329747595021
0.9906955744368712
0.9909838140779942
0.9912922136893813
0.9916155773743706
0.9919491236343657
0.9922885472434619
0.9926300360537137
0.9929702591869903
0.9933063381201449
0.9936358086601424
0.9939565792964158
0.9942668895989101
0.99456527099939
0.9948505113207458
0.9951216237182905
0.995377820207361
0.9956184896259183
0.9958431796808761
0.9960515826203807
0.9962435240344567
0.9964189542915249
0.9965779421512386
0.9967206701420854
0.9968474313461998
0.9969586272877878
0.9970547666718558
0.9971364647646637
0.997204443245824
0.9972595303943776
0.9973026614980558
0.9973348793970944
0.9973573350922539
0.9973712883619509
0.9973781083463421
0.9973792740674741
0.997376374864714
0.997371110734098
0.997365292569512
0.9973608423130651
0.9973586723408276
0.9973582264593887
0.9892955854182707
0.98930458539939
0.9893341131179085
0.9893964964238481
0.9895002442354287
0.9896466509214022
0.9898340474721509
0.9900588392679196
0.9903163282708631
0.9906013072608055
0.990908465262398
0.9912326493207113
0.9915690229747744
0.9919131530349147
0.9922610478805612
0.9926091638281844
0.9929543912303812
0.9932940284925217
0.9936257497316073
0.99394757003687
0.9942578110051342
0.994555068275152
0.9948381820842582
0.9951062113590597
0.9953584114881883
0.9955942156778775
0.9958132196344098
0.9960151692294917
0.9961999507668242
0.9963675834651892
0.9965182137929508
0.9966521113215272
0.9967696658041539
0.9968713852264044
0.9969578946133839
0.9970299354135661
0.9970883653101398
0.9971341583373298
0.9971684052017595
0.9971923137279853
0.997207209363483
0.9972145356921486
0.9972158549174015
0.9972128482867314
0.9972073164395329
0.9972011796698245
0.9971964781043179
0.9971941843076975
0.997193713668643
0.9890067194757671
0.9890147254913384
0.989040979925202
0.9890973712868305
0.9891930143683884
0.9893303286190178
0.989508605111717
0.9897250091012765
0.9899754023087203
0.9902549555162359
0.9905585801478741
0.9908812178444386
0.9912180252783568
0.9915644845613293
0.9919164621375923
0.9922702327611084
0.9926224803786523
0.9929702842920365
0.9933110965258228
0.9936427145851877
0.9939632525301219
0.9942711123662679
0.9945649570624401
0.9948436859886431
0.9951064131859988
0.995352448603322
0.9955812822426916
0.9957925710306018
0.9959861281570435
0.9961619145891281
0.9963200324576221
0.996460720024983
0.9965843479650558
0.9966914167121501
0.9967825546669674
0.9968585170762302
0.9969201854303666
0.9969685672484115
0.9970047961411438
0.9970301320624735
0.9970459616754885
0.9970537987737799
0.9970552847111226
0.9970521888037391
0.997046408679631
0.9970399705592193
0.9970350294597677
0.997032617336984
0.9970321231961533
0.9887586556575892
0.9887657481078653
0.9887888415876743
0.9888392504264943
0.9889265531722098
0.9890542299431756
0.9892225150551531
0.9894293485520645
0.9896711861261063
0.9899436215788852
0.9902418386788338
0.9905609245164113
0.9908960779714737
0.9912427419645591
0.9915966817588797
0.9919540257902711
0.9923112809297787
0.9926653307003422
0.9930134225404424
0.9933531484771975
0.9936824223281878
0.9939994556424272
0.9943027339137377
0.9945909940882703
0.9948632039999906
0.9951185440761393
0.9953563914397731
0.9955763063837222
0.9957780210874673
0.9959614303849124
0.9961265843575025
0.9962736825155942
0.9964030693347328
0.9965152309270615
0.9966107926473812
0.996690517455253
0.9967553048769304
0.9968061904324257
0.9968443454129068
0.9968710769115499
0.9968878280268723
0.9968961781716285
0.9968978434327924
0.9968946769393058
0.9968886692044082
0.9968819484189042
0.9968767806792943
0.9968742562768647
0.996873739999736
0.9885460473204317
0.9885523477374492
0.9885725864122283
0.9886173931827774
0.9886966190934409
0.9888146737559282
0.988972669902063
0.9891693073190474
0.9894016525483101
0.9896657578151009
0.9899571242084476
0.99027103305608
0.9906027743609372
0.990947798533705
0.9913018125847743
0.9916608368465297
0.9920212340549371
0.9923797193754333
0.9927333575811599
0.9930795518807928
0.9934160276622908
0.9937408135224838
0.9940522212871729
0.9943488262232184
0.9946294482582934
0.9948931347270225
0.9951391449353767
0.995366936665162
0.9955761546170521
0.995766620705258
0.9959383260620078
0.9960914245788084
0.996226227798035
0.9963432009676823
0.9964429600799557
0.9965262697274945
0.9965940416269105
0.9966473336762517
0.996687349429727
0.9967154378888975
0.9967330935241234
0.9967419564532838
0.9967438127166762
0.9967405945977046
0.9967343809486474
0.9967273974898849
0.9967220170577274
0.996719386944225
0.9967188499979088
0.9883638313224538
0.9883694765436598
0.9883872728325725
0.9884271035443516
0.9884988935787988
0.9886078035386291
0.9887557159006422
0.9889420415320322
0.9891644521175349
0.9894194797491918
0.9897029796737686
0.9900104718419857
0.9903373843184473
0.9906792213567136
0.9910316755084843
0.9913906990031613
0.9917525459013768
0.992113793530731
0.9924713494470506
0.9928224485014598
0.9931646433845205
0.9934957911358756
0.9938140374538191
0.9941178001453048
0.9944057526769738
0.9946768084918693
0.9949301065253091
0.9951649981740366
0.9953810358361213
0.9955779630379674
0.9957557060930622
0.9959143671892937
0.9960542187728101
0.996175699082029
0.9962794086816976
0.9963661078505939
0.9964367146849556
0.9964923037910047
0.9965341054524994
0.996563505172116
0.9965820434979098
0.9965914160578107
0.9965934737358633
0.9965902229337066
0.9965838258696617
0.9965766008761413
0.9965710226618125
0.996568293888765
0.9965677378312627
0.9882074205185567
0.9882125454314364
0.9882283484220482
0.9882639573052886
0.9883291954749462
0.9884297747978313
0.9885682085056443
0.9887445393386237
0.9889570132811996
0.9892026455182963
0.9894776701349649
0.9897778824513777
0.9900988910456201
0.9904362980644932
0.9907858246510869
0.9911433953505934
0.9915051923280727
0.9918676876239968
0.9922276596065064
0.9925821982119856
0.9929287024018812
0.9932648724039802
0.9935886986666289
0.9938984489710206
0.9941926547745812
0.9944700975671901
0.9947297957914764
0.9949709926956533
0.9951931453435074
0.9953959148948429
0.9955791581858245
0.9957429205778197
0.9958874300014977
0.9960130920963789
0.9961204863313771
0.9962103629861642
0.9962836408738596
0.9963414056905505
0.9963849088847851
0.9964155669492606
0.9964349610465215
0.9964448368899981
0.9964471048107675
0.9964438399488332
0.9964372825153953
0.9964298380798626
0.9964240778397695
0.9964212578899379
0.9964206843568262
0.9880728099151365
0.9880775363448082
0.9880917815900973
0.9881239549458175
0.9881836431100608
0.988276912411054
0.9884067546315829
0.988573743251193
0.9887766444096543
0.9890129394104824
0.989279250344277
0.9895716736362031
0.9898860334590903
0.9902180692649468
0.9905635712091793
0.9909184754368784
0.9912789290017822
0.9916413320989368
0.9920023635219001
0.9923589938474429
0.9927084897692551
0.9930484121847291
0.993376610022331
0.9936912113281618
0.993990612768325
0.9942734684194845
0.9945386784935192
0.9947853784601625
0.9950129288851421
0.9952209061845365
0.9954090944043891
0.9955774780643856
0.9957262360523944
0.995855736519888
0.9959665327038933
0.99605935958657
0.9961351312964923
0.9961949391541606
0.9962400502665516
0.9962719065802487
0.9962921243088263
0.9963024936569416
0.9963049787704285
0.996301717848276
0.9962950233584907
0.9962873823057172
0.9962814565013387
0.9962785532249968
0.9962779639137942
0.9879566081009428
0.987961038936237
0.9879741165680593
0.9880036026173383
0.9880587575495952
0.9881458262594317
0.9882681295901599
0.9884266598182008
0.9886206313831308
0.9888479557117736
0.989105635123022
0.9893900793653171
0.9896973532656614
0.9900233659687017
0.9903640124159475
0.9907152768207831
0.9910733065021334
0.9914344629361195
0.9917953554936878
0.9921528621504141
0.9925041405009568
0.9928466316632097
0.9931780590792043
0.9934964237733193
0.9937999972806636
0.994087313184056
0.9943571579782066
0.9946085618014975
0.9948407894303859
0.9950533318129682
0.995245898322478
0.9954184098352914
0.9955709926787433
0.9957039734493227
0.9958178746693547
0.9959134112279524
0.9959914875378217
0.9960531953315831
0.9960998120180734
0.9961327995191818
0.9961538035100667
0.9961646529892061
0.9961673601089629
0.9961641202017206
0.9961573119408607
0.996149497580019
0.9961434232151251
0.9961404447553728
0.9961398414079182
0.9878560124325415
0.9878602298882634
0.9878724682358506
0.9878999325486489
0.9879515107436215
0.9880334820300394
0.9881493616509691
0.9883004487213884
0.9884863239781324
0.9887052778598453
0.9889546691319898
0.9892312186564958
0.9895312451767162
0.9898508508965984
0.990186064778103
0.9905329510833124
0.9908876899232136
0.9912466356256676
0.9916063577555092
0.9919636687132248
0.9923156410562278
0.9926596170409947
0.992993212365357
0.99331431567834
0.9936210850984518
0.9939119427207832
0.9941855678829857
0.9944408897884401
0.994677079943345
0.9948935447472872
0.995089918480136
0.9952660568489601
0.995422031194891
0.9955581234095028
0.995674821571589
0.9957728162864752
0.9958529976895218
0.9959164530617227
0.9959644649967879
0.9959985100545539
0.9960202578338411
0.9960315703980589
0.9960345019881807
0.9960312989595937
0.9960243998813558
0.9960164357386064
0.9960102301779873
0.9960071848865559
0.9960065692697839
0.9877687475622502
0.9877728142761906
0.9877844753266399
0.9878104783302565
0.9878593284803345
0.9879372308685471
0.9880477827714447
0.9881924868296569
0.9883712056461479
0.9885825479217875
0.9888241920421702
0.9890931542258357
0.9893860081108184
0.9896990621048809
0.9900285004241306
0.9903704934068214
0.9907212822790131
0.991077243025531
0.9914349334184585
0.9917911266371396
0.9921428343307148
0.992487321457844
0.9928221147999462
0.9931450066818253
0.9934540551377329
0.9937475815201078
0.9940241663512651
0.9942826440558025
0.9945220970762167
0.9947418497608949
0.9949414623185702
0.9951207250538546
0.9952796530326579
0.9954184812726025
0.9955376605105378
0.9956378535656196
0.9957199322908392
0.9957849750870577
0.9958342649402864
0.9958692879339927
0.9958917321825318
0.9959034871284931
0.9959066431450294
0.9959034913834497
0.9958965238060122
0.9958884333439558
0.995882114117837
0.9958790104632571
0.9958783843488298
0.9876929848193224
0.9876969465686918
0.9877082295125518
0.9877332211086619
0.9877800606860387
0.987854805725995
0.9879610485867113
0.9881004065324653
0.9882729437366263
0.9884775225811058
0.9887120953785931
0.9889739467758778
0.9892598948628075
0.9895664569923291
0.9898899850877774
0.9902267745871725
0.9905731508308568
0.990925536416812
0.9912805027323194
0.9916348085098083
0.9919854278734295
0.9923295699711105
0.9926646919463049
0.9929885067050945
0.9932989866797697
0.993594364576149
0.9938731319130685
0.9941340360125657
0.994376075972922
0.994598498049554
0.9948007907775638
0.9949826800921869
0.99514412463776
0.9952853114008376
0.99540665175764
0.9955087779890855
0.9955925402872559
0.9956590042542408
0.995709448876892
0.9957453649481012
0.9957684538958492
0.9957806269745945
0.995784004768816
0.995780916955027
0.9957739022658008
0.9957657085972401
0.9957592931962759
0.9957561396666317
0.995755504809941
0.987627256351166
0.9876311454298662
0.9876421949514272
0.987666520970039
0.987711931602675
0.9877842939493754
0.9878871335870125
0.9880221107870099
0.9881894198642276
0.9883881136352732
0.9886163682954203
0.9888717021103417
0.9891511577191667
0.9894514545885895
0.9897691160391212
0.9901005741428961
0.9904422552818217
0.9907906489224704
0.9911423620074099
0.9914941611915488
0.9918430049458128
0.9921860673200685
0.9925207549217959
0.9928447184425883
0.9931558598607403
0.9934523362687233
0.9937325611190421
0.9939952035485401
0.9942391863266228
0.9944636828741887
0.9946681137148334
0.9948521426462211
0.9950156728560162
0.9951588431523531
0.9952820244326716
0.99538581647609
0.9954710451126071
0.9955387597965415
0.9955902315909709
0.9956269515536961
0.9956506295026457
0.9956631931288827
0.9956667874177573
0.9956637743326435
0.9956567327105345
0.9956484583144708
0.9956419639807285
0.9956387689835123
0.9956381271026095
0.9875703738631965
0.9875742124589574
0.9875851291107435
0.9876090448014269
0.9876534807045756
0.9877240955153322
0.9878243085818538
0.987955769298014
0.9881187423071937
0.9883124129062363
0.988535130910763
0.9887846090854471
0.9890580878893526
0.9893524741330885
0.9896644582351166
0.9899906130805121
0.9903274766613491
0.9906716203378447
0.9910197044327322
0.9913685228024103
0.9917150379475635
0.9920564081147726
0.9923900077047794
0.9927134421554971
0.9930245583204838
0.9933214512245084
0.993602467951164
0.9938662093044863
0.9941115297867505
0.9943375363467989
0.994543586276009
0.9947292845610552
0.9948944809429525
0.9950392668797085
0.995163972564635
0.9952691641134725
0.9953556410004316
0.9954244337955528
0.9954768022328511
0.9955142336199179
0.995538441584388
0.9955513651402818
0.9955551680470714
0.995552238425826
0.9955451885894063
0.9955368550373247
0.9955302985569855
0.9955270703187352
0.9955264230737659
0.987521357950132
0.987525161127615
0.9875360118817487
0.9875596985403716
0.9876035027246549
0.9876728749809816
0.9877711074226119
0.9878998010949225
0.9880592437457582
0.9882487030375975
0.9884666552233117
0.988710967456141
0.9889790473018759
0.9892679683269868
0.9895745771211794
0.9898955849059836
0.9902276456865585
0.9905674223548174
0.9909116419493977
0.9912571412237391
0.9916009036569792
0.9919400890138559
0.9922720565054404
0.9925943825254557
0.9929048738461028
0.9932015770614517
0.9934827849720163
0.9937470405149523
0.9939931387621825
0.9942201274341301
0.9944273063094072
0.9946142258502659
0.9947806853093621
0.9949267305349475
0.9950526516486473
0.9951589807321759
0.9952464896264023
0.9953161879177659
0.9953693211628081
0.9954073693810757
0.9954320458294069
0.9954452960561182
0.9954492972213455
0.9954464576592368
0.995439416648381
0.99543104434866
0.9954244418522139
0.9954211883206997
0.9954205372944116
0.9874793807937419
0.9874831588989244
0.987493986669599
0.9875175685490175
0.9875609924816238
0.9876295133277471
0.9877262889866152
0.9878528487008265
0.9880094682797306
0.9881954566890474
0.9884093747805559
0.9886492057122993
0.9889124921226982
0.9891964501968802
0.9894980668526875
0.9898141836472601
0.9901415694549622
0.9904769831661688
0.9908172273085086
0.9911591933808773
0.9914998996782837
0.9918365223966215
0.9921664208064668
0.9924871572638471
0.9927965127853795
0.9930924988611819
0.9933733661178273
0.9936376103802484
0.9938839766191753
0.9941114612112396
0.9943193128832125
0.9945070326602513
0.994674373090595
0.9948213369757651
0.9949481757959512
0.9950553879847769
0.9951437171759524
0.9952141505162863
0.9952679171149587
0.9953064866775914
0.9953315683551655
0.9953451098218774
0.9953492965821619
0.9953465514949478
0.9953395344923148
0.9953311424600155
0.9953245092355419
0.9953212379872082
0.9953205846670736
0.987443722592361
0.9874474830406407
0.9874583145528306
0.9874818742172924
0.9875250977561311
0.9875930638624213
0.9876887990374763
0.9878137484050679
0.9879681516397143
0.9881513271145287
0.9883618850327792
0.9885978898479998
0.9888569881327567
0.989136513136173
0.9894335731578536
0.9897451279476411
0.9900680554947723
0.9903992105213774
0.9907354754710399
0.9910738045675311
0.9914112614621049
0.9917450509968019
0.9920725456348328
0.9923913071236564
0.992699103954357
0.9929939251630433
0.9932739909900999
0.993537760875556
0.9937839392272633
0.9940114793555933
0.99421958592569
0.9944077162369694
0.9945755806001304
0.9947231420447692
0.9948506155559969
0.9949584670063668
0.9950474119200268
0.9951184141793357
0.9951726847602066
0.9952116805610562
0.9952371033712741
0.9952508990083537
0.995255256637964
0.9952526082779486
0.9952456284752078
0.9952372341335985
0.9952305844582869
0.9952273026134979
0.9952266483759341
0.9874137404963221
0.9874174889983434
0.9874283408114277
0.9874519319528369
0.9874950814873747
0.9875627145188676
0.9876577350985588
0.987781500151264
0.9879341980309347
0.9881151331126886
0.9883229366675171
0.9885557245745683
0.9888112187334892
0.9890868442803583
0.9893798105517727
0.9896871806562512
0.9900059324511203
0.9903330124636716
0.9906653835961778
0.9910000671128941
0.9913341792737767
0.9916649629532748
0.9919898146007802
0.9923063069273771
0.9926122077248647
0.9929054952318398
0.9931843704578424
0.9934472668624804
0.9936928577649733
0.9939200618332946
0.9941280469731104
0.9943162329064522
0.9944842926995748
0.9946321534694079
0.9947599964689224
0.994868256723953
0.9949576223678194
0.9950290337956641
0.995083682737882
0.9951230113314152
0.9951487112489841
0.9951627229294129
0.9951672349369407
0.9951646834635364
0.9951577519755553
0.9951493709945629
0.9951427179889715
0.9951394321373266
0.9951387782344276
0.9873888479509226
0.9873925892771819
0.9874034720608867
0.9874271294497157
0.9874702931357096
0.9875377574396701
0.9876323161313206
0.9877552394717058
0.9879066563283108
0.9880858410053248
0.9882914242333429
0.9885215487609371
0.9887739867729645
0.9890462318469276
0.9893355740616077
0.9896391637235364
0.9899540669826711
0.9902773151908888
0.9906059490062213
0.990937057778797
0.9912678145296749
0.9915955067499859
0.99191756323748
0.9922315772086517
0.9925353259531273
0.9928267873209928
0.9931041533485215
0.9933658413326875
0.9936105026611305
0.9938370296937261
0.9940445609764353
0.9942324850492316
0.9944004430888536
0.9945483306048567
0.9946762983846504
0.9947847528604798
0.9948743560490549
0.9949460251931088
0.9950009322138177
0.9950405030639221
0.9950664170536337
0.9950806062050224
0.995085254675496
0.9950827982770992
0.9950759241055137
0.9950675702809149
0.9950609257896283
0.9950576419272575
0.9950569894763555
0.9873685020383689
0.9873722404384113
0.9873831617624949
0.9874069084521485
0.9874501481602688
0.9875175656663875
0.9876118577214456
0.9877342129022442
0.9878846975476828
0.9880625457770569
0.9882663721258713
0.9884943269025432
0.9887442115915844
0.9890135673886618
0.9892997459815502
0.989599968555185
0.9899113767425015
0.9902310777217908
0.990556184694173
0.9908838533980819
0.9912113150017445
0.9915359055635403
0.9918550921962122
0.9921664960688319
0.9924679124014885
0.9927573276349427
0.9930329339820523
0.993293141585656
0.9935365885178262
0.9937621488584004
0.9939689390876183
0.994156323019758
0.9943239154930715
0.9944715850170682
0.9945994555621421
0.9947079076593658
0.9947975789605501
0.9948693643908648
0.9949244160087892
0.9949641426712165
0.9949902095853576
0.9950045378138253
0.9950093037849559
0.9950069388470637
0.9950001288928219
0.9949918140684835
0.9949851885698603
0.9949819120501624
0.9949812620264372
0.9873521964918068
0.98735593587769
0.9873669018444176
0.9873907540092601
0.987434114111103
0.9875015761111354
0.9875957526875323
0.9877177574935022
0.9878675947736798
0.9880444529220537
0.988246919626217
0.9884731382502034
0.9887209227034481
0.988987844065357
0.9892712984163247
0.9895685622509226
0.9898768395840063
0.9901933032854234
0.9905151321333098
0.9908395444136021
0.99116382849731
0.9914853706090652
0.9918016798962909
0.9921104108727571
0.9924093833125188
0.9926965996902417
0.9929702602894157
0.9932287761240451
0.9934707798386984
0.9936951347650826
0.9939009423205759
0.9940875479360135
0.9942545456973265
0.9944017818792437
0.9945293575400407
0.9946376303349689
0.9947272156931835
0.9947989874892486
0.9948540783261065
0.9948938795321179
0.9949200409607285
0.9949344706677016
0.9949393345278342
0.9949370558407196
0.9949303149634509
0.9949220489973684
0.9949154515440021
0.9949121870428036
0.9949115402750521
0.9873394583716214
0.9873432023577177
0.9873542184069874
0.987378188309624
0.9874217017232035
0.9874892776578006
0.9875834565284523
0.9877052844316876
0.9878547061029054
0.9880308619830291
0.9882323062438277
0.9884571649474364
0.988703251405663
0.9889681520541734
0.9892492924909353
0.9895439903372776
0.9898494993420623
0.99016304755869
0.9904818713348811
0.9908032461336239
0.9911245147443662
0.991443113166454
0.9917565942929343
0.9920626494493072
0.9923591278180182
0.9926440537841332
0.9929156422563659
0.993172312041297
0.9934126973717639
0.9936356577100304
0.9938402859612563
0.9940259152426114
0.9941921243584741
0.9943387421330113
0.994465850748775
0.994573788234405
0.9946631502367729
0.9947347912034974
0.9947898250912497
0.9948296257040605
0.9948558267543514
0.9948703217279018
0.9948752636226948
0.9948730646206866
0.9948663957411423
0.99485818651449
0.9948516247049246
0.9948483762005209
0.9948477333700805
0.9873298468195294
0.9873335986887463
0.9873446698661781
0.9873687674613082
0.9874124595132029
0.9874802031659113
0.9875744768719082
0.9876962663912958
0.9878454606935674
0.9880211522909482
0.988221858190372
0.9884456801952566
0.9886904213969265
0.9889536721276182
0.9892328751173118
0.9895253766945484
0.9898284686797376
0.9901394240392957
0.9904555282626845
0.99077410766818
0.9910925553394786
0.9914083550712762
0.991719103504163
0.9920225305183455
0.9923165179029316
0.9925991163017717
0.9928685604430155
0.9931232826771234
0.9933619248700177
0.9935833487199962
0.9937866445863812
0.9939711389334158
0.9941364005041714
0.9942822453463278
0.9944087408149525
0.9945162086773617
0.994605227442353
0.994676634031113
0.9947315249004403
0.9947712567210739
0.9947974467052975
0.99481197266895
0.9948169729038198
0.9948148459273466
0.9948082501677857
0.9948001036347488
0.9947935836159123
0.9947903543839449
0.9947897160266665
0.9873229527473256
0.9873267153921259
0.9873378463116609
0.9873620799409463
0.9874059706201624
0.9874739242407035
0.9875683660189637
0.9876902280329806
0.9878393477000543
0.9880147710475115
0.9882149764433688
0.9884380371390286
0.9886817392375961
0.988943668269887
0.9892212741409697
0.9895119213893218
0.9898129295613616
0.990121606949633
0.9904352798396199
0.990751318639236
0.9910671617345536
0.9913803375580262
0.9916884851226521
0.9919893731317471
0.9922809176929287
0.9925611986268118
0.9928284743509826
0.9930811953270835
0.9933180160753924
0.9935378057816787
0.9937396575417217
0.9939228963075529
0.9940870856150128
0.994232033184133
0.9943577954921258
0.994464681423622
0.9945532551046374
0.9946243380260357
0.9946790105594681
0.9947186129643849
0.9947447459791607
0.994759271083055
0.994764310508969
0.9947622470800501
0.994755723936344
0.9947476442112251
0.9947411707100455
0.9947379633326738
0.9947373298437424
0.9873183987155386
0.9873221745834599
0.9873333692531224
0.9873577457999964
0.9874018509225524
0.9874700478162931
0.9875647157366974
0.9876867389911814
0.9878359076943106
0.9880112236400274
0.9882111265695311
0.9884336588866596
0.9886765852348424
0.9889374800130508
0.989213792571478
0.9895028970737378
0.9898021319224704
0.9901088321223763
0.9904203568660717
0.9907341138569683
0.9910475813407646
0.9913583284393479
0.991664034123014
0.9919625049867591
0.9922516918903698
0.9925297054622416
0.9927948304395188
0.9930455388115762
0.9932805017419457
0.9934986002594534
0.9936989347282738
0.9938808331258749
0.9940438581755705
0.9941878133955452
0.9943127481383107
0.9944189617034649
0.994507006612556
0.9945776911380753
0.9946320811795301
0.9946715015785954
0.9946975369629231
0.9947120322047137
0.9947170925759682
0.9947150836777655
0.9947086312162138
0.9947006206932205
0.9946941970749985
0.9946910134633833
0.9946903851046941
0.9873158385818611
0.9873196296407373
0.9873308912627347
0.9873554160413801
0.9873997477503508
0.9874682138181013
0.9875631535800808
0.9876854087239949
0.9878347261062319
0.9880100659279064
0.9882098302730761
0.9884320298391284
0.9886744051145048
0.9889345149833245
0.9892098024562166
0.9894976445224783
0.9897953910699643
0.9901003963272358
0.9904100452137434
0.9907217762213971
0.9910331019068801
0.9913416276866089
0.9916450693527251
0.9919412695393334
0.9922282132421323
0.9925040424156703
0.9927670696283047
0.9930157907356895
0.9932488965313917
0.9934652833419089
0.9936640625482036
0.9938445690334731
0.9940063685748095
0.9941492642131243
0.9942733016502783
0.9943787737343392
0.994466224103143
0.9945364500630065
0.9945905047837471
0.9946296988934676
0.9946556015572139
0.9946700411229884
0.9946751054170678
0.9946731417684507
0.9946667568398334
0.9946588163401283
0.9946524446904907
0.9946492861192244
0.9946486630289593
0.987314956740272
0.9873187644681675
0.9873300952774393
0.9873547718415846
0.987399338761388
0.9874680933860558
0.9875633401824147
0.9876858826829052
0.9878354282212778
0.9880108981717856
0.9882106585064473
0.9884326883481588
0.9886747026604173
0.9889342419745156
0.9892087388093613
0.9894955677680821
0.9897920842774912
0.9900956554709281
0.9904036856665465
0.9907136381438315
0.9910230543826966
0.9913295715404571
0.9916309386608878
0.9919250319084241
0.9922098689799492
0.9924836227522981
0.9927446341646358
0.9929914243024579
0.9932227056368609
0.993437392373087
0.9936346098714031
0.9938137031174571
0.9939742442356303
0.9941160390555801
0.9942391327578756
0.99434381463854
0.9944306220440685
0.9945003435379259
0.9945540213667868
0.9945929533000029
0.9946186939193148
0.9946330554379571
0.9946381081293776
0.9946361804461322
0.9946298589094116
0.9946219878494319
0.9946156690761145
0.9946125362279242
0.9946119184319213
0.9873154669336173
0.9873192923321205
0.9873306935024131
0.987355523485539
0.9874003307491236
0.987469387327593
0.9875649671113697
0.9876878393707439
0.9878376753260681
0.9880133602676089
0.9882132259163048
0.9884352206076957
0.9886770333670656
0.9889361847222516
0.9892100938726722
0.9894961291810901
0.9897916469565033
0.9900940220506882
0.9904006727601635
0.9907090817900505
0.9910168145070113
0.9913215353231438
0.9916210227701279
0.991913183615845
0.9921960662257951
0.9924678732660658
0.9927269737736524
0.9929719145759098
0.9932014310174045
0.9934144569440964
0.9936101338970775
0.9937878194773975
0.9939470948568856
0.9940877714251488
0.9942098965784761
0.9943137586711459
0.9943998911629366
0.9944690760081405
0.9945223463409799
0.9945609885200793
0.9945865436007376
0.9946008083084279
0.9946058355905046
0.9946039348258153
0.9945976717740825
0.9945898683488469
0.9945836022991543
0.9945804953179803
0.9945798827424595
0.9873171107174331
0.9873209543436139
0.9873324259665759
0.9873574090088126
0.987402458291921
0.9874718246178198
0.9875677550265584
0.9876909879699026
0.987841161668146
0.9880171279774642
0.9882171863800291
0.9884392556263681
0.9886809990603417
0.9889399164431094
0.9892134118706853
0.9894988447355252
0.9897935686950421
0.9900949621768002
0.9904004529328365
0.9907075384328281
0.9910138033666419
0.9913169351481325
0.9916147380320955
0.9919051462478946
0.9921862363986644
0.992456239262154
0.9927135510494713
0.9929567441245355
0.9931845771543465
0.9933960046435325
0.9935901858019377
0.9937664926978227
0.9939245176586788
0.9940640798944165
0.9941852313320089
0.9942882616652544
0.9943737026372818
0.9944423315862037
0.994495174295645
0.994533507201638
0.9945588590156428
0.9945730118303904
0.9945780017810425
0.9945761193391073
0.9945699093208517
0.9945621706959435
0.9945559562855324
0.9945528748359528
0.9945522673211433
0.9873196556966262
0.987323517707803
0.987335058836681
0.9873601926147582
0.9874054822465478
0.9874751608712523
0.9875714519855984
0.9876950663249445
0.9878456119767941
0.9880219098986617
0.9882222294015853
0.9884444611057239
0.9886862433875971
0.9889450551264252
0.9892182843341475
0.9895032796096346
0.9897973893732414
0.9900979924111196
0.9904025222502213
0.9907084871719992
0.991013487162972
0.991315228729219
0.9916115382268356
0.9919003741538337
0.9921798386931796
0.9924481886799899
0.9927038460803095
0.9929454080084057
0.9931716562693078
0.9933815663893422
0.9935743160860508
0.9937492931270535
0.9939061025323663
0.994044573084211
0.9941647631205889
0.9942669656024246
0.9943517124578779
0.9944197782207338
0.9944721829921704
0.9945101947664322
0.9945353311709243
0.9945493606800616
0.9945543033699655
0.9945524312880136
0.9945462685175172
0.9945385910236608
0.9945324263722625
0.994529369703185
0.9945287670174147
0.9873228936649696
0.9873267738706561
0.9873383826136203
0.9873636629663337
0.9874091881401938
0.9874791767790866
0.9875758318267402
0.9876998391468745
0.9878507793662933
0.9880274449688421
0.9882280771668263
0.9884505400520456
0.9886924480538388
0.9889512595191493
0.9892243460018681
0.9895090441999737
0.9898026954925502
0.9901026766034102
0.9904064239140272
0.9907114532421922
0.9910153764004703
0.9913159154845916
0.9916109155726303
0.9918983563129461
0.9921763627243287
0.9924432154140016
0.9926973603303902
0.9929374181023782
0.9931621929709257
0.9933706812889284
0.9935620795479677
0.9937357918834099
0.9938914370097138
0.9940288545437065
0.9941481106831724
0.9942495032199242
0.9943335658794414
0.9944010719923342
0.99445303751572
0.9944907234347257
0.9945156375855546
0.9945295359518377
0.9945344234953595
0.9945325545908397
0.9945264331424167
0.9945188124670086
0.9945126950368616
0.9945096620474406
0.994509063901264
0.9873266387639147
0.9873305366803166
0.9873422103269712
0.9873676314564175
0.9874133845362996
0.9874836765447598
0.9875806926095959
0.9877050963681087
0.9878564435049477
0.9880335003586189
0.9882344820966876
0.9884572279678205
0.9886993296772727
0.9889582257197661
0.9892312712698572
0.9895157905741057
0.9898091167976475
0.9901086228501573
0.9904117457130642
0.990716006087136
0.9910190246824545
0.991318536114766
0.991612401108443
0.9918986175078018
0.992175330446676
0.9924408419091617
0.9926936198246517
0.9929323067724545
0.9931557283216281
0.9933629009971141
0.9935530398412011
0.9937255655274375
0.9938801109802068
0.9940165274554109
0.9941348900443474
0.9942355025725351
0.9943189018767622
0.9943858614560775
0.9944373945051616
0.9944747563509975
0.9944994463257418
0.9945132091199973
0.9945180356712944
0.9945161636525186
0.9945100776343817
0.9945025090049756
0.9944964357380359
0.9944934250438877
0.9944928311038713
0.9873307257527553
0.98733464065648
0.9873463758227258
0.9873719305475577
0.9874179014498802
0.9874884863664308
0.9875858551260114
0.9877106516187395
0.9878624089801904
0.9880398696490631
0.9882412247749311
0.9884642904943708
0.9887066371468243
0.9889656842898048
0.9892387711335341
0.9895232093516902
0.9898163232264321
0.9901154806536941
0.99041811752989
0.9907217573392993
0.9910240272673196
0.9913226718109451
0.9916155645987613
0.9919007189385138
0.992176297461782
0.9924406211202613
0.9926921776988186
0.9929296299416974
0.9931518233363865
0.9933577935620171
0.9935467735834325
0.9937182003562757
0.9938717211007615
0.9940071991005469
0.9941247189867938
0.9942245914748109
0.9943073575304042
0.9943737919543801
0.9944249063857475
0.9944619517365489
0.9944864200835062
0.9945000460535788
0.9945048077519592
0.994502927291951
0.9944968709966174
0.994489349352137
0.9944833168025642
0.9944803268005307
0.9944797367023601
0.98733500845438
0.9873389394332958
0.9873507322128142
0.9873764122508972
0.9874225888761893
0.9874934530152591
0.9875911615061841
0.9877163408190823
0.9878685038223985
0.9880463712268955
0.988248112160697
0.9884715214039618
0.9887141493805881
0.9889733977951473
0.9892465905594415
0.9895310269826336
0.9898240221932634
0.990122938323603
0.9904252089784442
0.9907283588074141
0.9910300195067624
0.9913279432252822
0.9916200140933532
0.9919042584035359
0.9921788538259
0.9924421379287544
0.9926926161875301
0.9929289695960404
0.993150061941622
0.9933549467662113
0.9935428740071541
0.9937132962928129
0.9938658748572214
0.994000485033727
0.9941172212884559
0.9942164017593028
0.9942985722739556
0.9943645098303361
0.994415225533977
0.9944519669987245
0.9944762202292917
0.9944897110162998
0.9944944058863167
0.9944925126609517
0.9944864806902635
0.9944790008365879
0.9944730052955337
0.994470034225473
0.99446944758611
0.9873393584144579
0.9873433044147286
0.9873551505288376
0.9873809467903986
0.9874273154788501
0.9874984425492143
0.9875964739460862
0.9877220208945631
0.9878745781696444
0.988052846855409
0.988254976023035
0.9884787408643487
0.9887216734028796
0.988981158699456
0.9892545062230077
0.9895390033810175
0.989831956191782
0.9901307206367637
0.9904327272184766
0.990735500543766
0.9910366752584994
0.9913340093093381
0.9916253952546861
0.9919088701590946
0.9921826244630548
0.9924450101101656
0.9926945481276871
0.9929299357890461
0.9931500534343017
0.9933539709843938
0.9935409541552678
0.993710470357194
0.9938621942513827
0.9939960129291767
0.9941120306774994
0.9942105732968437
0.9942921919439152
0.9943576664793149
0.994408008310582
0.9944444627319606
0.9944685107739357
0.9944818705875282
0.9944864984003197
0.9944845890930125
0.9944785764569597
0.99447113320445
0.9944651708147644
0.9944622168171177
0.9944616332457905
0.987343663789421
0.9873476236585442
0.9873595185992818
0.9873854214761274
0.9874319674642338
0.9875033391882354
0.9876016735756619
0.9877275686206572
0.9878805030651896
0.9880591603951113
0.9882616715544141
0.9884857939192967
0.9887290426757472
0.9889887875451036
0.9892623245548654
0.9895469298714721
0.9898399006937049
0.9901385867557001
0.990440414970823
0.990742909038564
0.9910437053408649
0.991340566103516
0.9916313905455709
0.99191422455367
0.9921872692781027
0.9924488889398497
0.9926976180539725
0.9929321682088347
0.9931514344889356
0.9933545015890636
0.9935406496371373
0.9937093597210996
0.9938603191003559
0.9939934260734606
0.9941087944700999
0.9942067577359838
0.9942878725832309
0.9943529221854591
0.9944029189053866
0.9944391065527732
0.99446296218148
0.9944761974459192
0.9944807595489482
0.9944788318250819
0.9944728340146473
0.9944654222960957
0.9944594891552007
0.9944565503233712
0.9944559694312517
0.9873478284606813
0.9873518009868596
0.9873637401504998
0.9873897397909452
0.987436447650515
0.987508044361152
0.9876066594767154
0.9877328796012876
0.9878861693819943
0.9880651966567988
0.988268076133684
0.9884925491446583
0.9887361156368556
0.9889961313705389
0.9892698800472435
0.9895546274077289
0.9898476623165644
0.9901463283951942
0.9904480487426544
0.9907503455700072
0.9910508560760275
0.9913473455394675
0.9916377183503545
0.9919200275176177
0.9921924830518875
0.99245345951673
0.9927015029597358
0.9929353373707518
0.9931538707641485
0.9933562009426139
0.9935416209697007
0.9937096243558187
0.9938599099464669
0.9939923864913319
0.9941071768675946
0.9942046219296571
0.9942852839597821
0.9943499496992007
0.9943996329464693
0.994435576718733
0.994459254981591
0.9944723739640927
0.9944768730867111
0.9944749255416988
0.9944689385768449
0.9944615535452141
0.9944556457950138
0.9944527202218953
0.994452141630379
0.9873517713587264
0.9873557553071274
0.987367734116779
0.9873938206789646
0.9874406747236123
0.9875124759198488
0.9876113478474852
0.9877378673766865
0.9878914868665669
0.9880708603733971
0.9882740882174419
0.9884988974514373
0.9887427744089392
0.9890030623256743
0.9892770337819947
0.9895619450290102
0.9898550772342061
0.9901537682226416
0.9904554372623413
0.9907576047251282
0.9910579079522652
0.9913541142999217
0.991644132085671
0.9919260199722535
0.9921979951874286
0.9924584408747655
0.992705912790196
0.9929391454968021
0.9931570581614033
0.9933587600181527
0.9935435555346264
0.9937109492933636
0.9938606505854409
0.9939925777016166
0.9941068619001264
0.9942038510277179
0.9942841127713598
0.9943484375217038
0.9943978408352836
0.9944335654901238
0.9944570831384721
0.9944700955703804
0.994474535612539
0.9944725676978525
0.994466588152509
0.9944592252586238
0.9944533391619306
0.9944504249802057
0.9944498483277683
0.9873554259699835
0.9873594201164452
0.9873714341330153
0.98739759801117
0.9874445826585498
0.9875165675028453
0.9876156712994019
0.9877424626484625
0.987896383290468
0.9880760752775627
0.9882796263437835
0.9885047510157524
0.9887489236565766
0.9890094764578525
0.9892836721515833
0.9895687585269861
0.9898620098071558
0.9901607584765474
0.9904624201181056
0.9907645130971138
0.9910646744233282
0.991360672766072
0.9916504193417823
0.9919319772082759
0.9922035693631945
0.9924635859413528
0.9927105907272478
0.9929433271382976
0.9931607237869593
0.9933618996927686
0.9935461691864242
0.9937130465259139
0.9938622502282392
0.993993707108817
0.9941075560133921
0.9942041512237926
0.9942840655185528
0.9943480928718353
0.994397250778788
0.9944327822020033
0.9944561571417694
0.9944690738419085
0.9944734596529191
0.9944714715845957
0.9944654965910683
0.9944581516421085
0.9944522836456118
0.9944493790617213
0.9944488040093797
0.9873587399904068
0.9873627431530333
0.9873747881738772
0.9874010201930449
0.9874481202735236
0.987520268019343
0.987619578261667
0.9877466126021441
0.9879008036935726
0.9880807832714956
0.9882846282354588
0.9885100423216998
0.9887544895742384
0.9890152926500818
0.9892897057530651
0.9895749693030421
0.9898683514142356
0.9901671797884185
0.990468866591825
0.9907709281585059
0.9910710008537017
0.9913668540713289
0.9916564010830562
0.991937708270745
0.9922090031375894
0.9924686813914687
0.9927153133168547
0.9929476495923562
0.9931646266649928
0.9933653717564119
0.9935492075483228
0.9937156565729007
0.9938644453177402
0.9939955080433243
0.9941089903033165
0.9942052521537755
0.9942848710361848
0.9943486443206071
0.9943975914989055
0.9944329560234566
0.9944562067937964
0.994469039301836
0.9944733764553872
0.9944713691094742
0.9944653963450735
0.994458065545287
0.994452212329569
0.9944493156514886
0.994448741886941
0.9873616750816144
0.9873656861506347
0.9873777582950363
0.9874040498702984
0.9874512508749904
0.98752354121621
0.9876230324619032
0.9877502803020143
0.9879047097001747
0.9880849436750518
0.9882890499917045
0.988514723307684
0.9887594189959122
0.9890204517005265
0.9892950684423362
0.9895805034017395
0.9898740194709537
0.9901729401948336
0.9904746746779944
0.9907767373054874
0.9910767636118292
0.9913725232714806
0.9916619309260212
0.9919430553771258
0.9922141275382377
0.9924735474366759
0.9927198904817666
0.9929519131565142
0.9931685582455779
0.9933689596775989
0.9935524470329739
0.9937185497473783
0.9938670010256051
0.9939977414688019
0.9941109224103609
0.9942069089510736
0.9942862826823333
0.9943498440867798
0.9943986146085347
0.9944338383897382
0.9944569836761811
0.9944697439021521
0.99447403847289
0.9944720132720267
0.9944660409309003
0.9944587209063744
0.9944528794238732
0.9944499890830449
0.9944494163236015
0.9873642066777282
0.9873682246441768
0.9873803204247539
0.9874066636816361
0.9874539519454317
0.9875263652847255
0.9876260124469177
0.9877534441304923
0.9879080788881012
0.9880885325389184
0.988292865360303
0.9885187646106255
0.9887636786217067
0.9890249155380176
0.9892997165416006
0.9895853107111524
0.9898789566234947
0.9901779743278748
0.9904797702771359
0.9907818570655957
0.9910818693085076
0.9913775766347273
0.9916668945055422
0.9919478933862199
0.9922188066607427
0.99247803757954
0.9927241654546187
0.992955951259363
0.9931723427465331
0.9933724791643047
0.993555695624146
0.9937215271542963
0.9938697124573938
0.9940001973796023
0.9941131380907747
0.9942089039703446
0.9942880801913844
0.994351469995295
0.9944000966516434
0.9944352051014532
0.994458263287521
0.994470963181848
0.9944752215277786
0.9944731803226887
0.9944672070758819
0.9944598948854831
0.994454062387613
0.994451176955547
0.9944506049499882
0.9873663237847113
0.9873703477689655
0.9873824641482513
0.9874088520022402
0.9874562148215268
0.9875287324617356
0.9876285111071313
0.9877560972450385
0.9879109041924464
0.9880915420116478
0.9882960650842086
0.9885221549061284
0.9887672543611868
0.9890286665728236
0.9893036281970129
0.9895893643238655
0.9898831301091031
0.9901822427728219
0.9904841065523395
0.9907862324592196
0.9910862541742621
0.991381941050321
0.9916712089337913
0.9919521293290825
0.9922229372944008
0.9924820383568174
0.9927280146597095
0.992959630499218
0.993175837363434
0.9933757785551685
0.9935587934539213
0.9937244214533211
0.9938724055956484
0.9940026959141932
0.9941154524865528
0.9942110481970623
0.9942900712040645
0.994353327107345
0.9944018408125846
0.9944368580928425
0.994459846851678
0.9944724980983319
0.9944767266521869
0.9944746716012982
0.9944686965479546
0.9944613896827592
0.9944555637376293
0.9944526819377989
0.9944521104673081
0.9873680287118833
0.9873720579928489
0.9873841924239174
0.9874106186188055
0.9874580443095171
0.9875306485810429
0.9876305351707422
0.987758247028221
0.9879131933276478
0.9880939797511216
0.9882986563190967
0.9885249003450468
0.9887701507953468
0.9890317071832383
0.9893068028836245
0.9895926600515411
0.9898865312719887
0.9901857315797394
0.9904876634347797
0.9907898365017175
0.9910898835651754
0.9913855735493079
0.9916748223505547
0.9919557020061602
0.9922264485850291
0.9924854690873083
0.9927313475645357
0.9929628506162296
0.9931789323764604
0.9933787390717376
0.99356161320696
0.9937270974174357
0.9938749380108151
0.9940050882122901
0.9941177111189856
0.9942131823646101
0.9942920924928297
0.9943552490372174
0.9944036783067675
0.9944386268786662
0.9944615628040624
0.9944741765378192
0.994478381609422
0.9944763150591941
0.9944703376715632
0.9944630340450944
0.9944572125473591
0.9944543332630877
0.9944537621414209
0.9873693366834699
0.9873733707248157
0.987385521171786
0.9874119802785469
0.9874594581881782
0.9875321325363842
0.987632104639318
0.9877599145105772
0.9879149682140845
0.9880958683733243
0.9883006621210334
0.9885270240894541
0.9887723907601671
0.9890340593374827
0.9893092610519807
0.989595216082268
0.9898891752199691
0.9901884519117998
0.9904904472603423
0.9907926698291439
0.9910927515823947
0.9913884609259936
0.9916777135578512
0.9919585816486528
0.9922293017383129
0.9924882816332355
0.9927341065151543
0.9929655444166743
0.9931815511767241
0.9933812749573793
0.9935640603794457
0.9937294523159109
0.9938771993686372
0.9940072570435261
0.9941197906321807
0.9942151778033494
0.9942940109048364
0.9943570989758029
0.9944054694703015
0.9944403696952475
0.9944632679696972
0.9944758545170782
0.9944800421077344
0.9944779664756337
0.9944719865401777
0.9944646844715473
0.9944588656458995
0.9944559879249871
0.9944554169980462
0.9873702753047898
0.9873743137595588
0.9873864786839299
0.9874129660638385
0.9874604865619266
0.9875332156305455
0.9876332521473743
0.9877611337536837
0.9879162644030988
0.9880972449415787
0.9883021210152829
0.9885285659614906
0.9887740150620484
0.9890357643550005
0.9893110439140249
0.9895970727733591
0.9898911006114149
0.9901904398184959
0.9904924905254813
0.9907947604367611
0.9910948807964899
0.9913906194541476
0.9916798917364311
0.9919607696457904
0.9922314897698633
0.9924904601859912
0.9927362665707533
0.9929676776690155
0.9931836502353284
0.9933833335290864
0.9935660734211069
0.9937314161513712
0.9938791117642479
0.9940091172376628
0.9941215993156889
0.9942169370494364
0.9942957240485673
0.9943587704449706
0.9944071045709161
0.9944419743561723
0.9944648484519691
0.9944774170941315
0.9944815927230775
0.9944795103844728
0.9944735279410337
0.994466226133081
0.9944604085329326
0.9944575315897517
0.9944569607347182
0.987370883905483
0.9873749265504206
0.9873871048244028
0.9874136165601965
0.9874611710423837
0.9875339407963523
0.9876340222312469
0.9877619511802868
0.9879171304988982
0.9880981605094141
0.9883030866664259
0.9885295822219834
0.9887750823330577
0.989036882805838
0.9893122133603234
0.9895982925679151
0.9898923695593616
0.9901917561205719
0.9904938517499582
0.9907961635194589
0.9910963220678258
0.9913920946917231
0.9916813962411236
0.9919622983386864
0.9922330373067196
0.9924920210852821
0.9927378353508085
0.9929692489892985
0.9931852190365877
0.9933848951669692
0.993567623787874
0.9937329517806198
0.9938806299140386
0.9940106159481391
0.9941230774381616
0.9942183942449194
0.9942971607548564
0.994360187812485
0.9944085043686165
0.9944433588498576
0.9944662202580892
0.9944787790128875
0.9944829475549731
0.9944808607345961
0.9944748760151941
0.9944675735294788
0.9944617560322849
0.994458879248057
0.9944583083722245
0.9873712128270824
0.987375259357033
0.9873874500167936
0.9874139828086873
0.9874615637522953
0.9875343616743792
0.9876344704773248
0.9877624248312612
0.987917627585621
0.9880986797438012
0.9883036276740129
0.988530145488462
0.9887756690204954
0.9890374945325733
0.989312851988339
0.9895989600136117
0.9898930676316975
0.9901924863867257
0.9904946154279687
0.9907969613972936
0.9910971544482312
0.9913929613618973
0.9916822964658374
0.9919632308750616
0.9922340004384974
0.9924930126740843
0.9927388529016106
0.9929702897270722
0.993186279990861
0.9933859732608793
0.9935687159282062
0.9937340549453364
0.9938817412339356
0.9940117327795444
0.9941241974239869
0.9942195153619038
0.9942982813454632
0.9943613066005983
0.9944096204588945
0.9944444717112916
0.9944673296929446
0.9944798851127349
0.9944840506459114
0.9944819613140041
0.9944759746823993
0.9944686709125907
0.9944628527131
0.9944599756350023
0.9944594046744331
0.9873713226931927
0.9873753723785724
0.9873875740811314
0.987414125059822
0.9874617261505589
0.9875345414953546
0.9876346624831921
0.9877626235397723
0.9879178287011716
0.9880988806741217
0.9883038275142823
0.9885303447870867
0.9887758694896785
0.9890376987678129
0.9893130632144009
0.9895991818580725
0.9898933039238512
0.9901927409803798
0.9904948920476732
0.9907972635079318
0.9910974851477442
0.9913933232965493
0.9916826917670878
0.9919636611168693
0.9922344666137647
0.9924935151888814
0.9927393915857757
0.9929708638597115
0.993186888339161
0.993386614130501
0.9935693872233656
0.9937347542365296
0.9938824658311531
0.9940124798087766
0.9941249639048574
0.9942202982844099
0.9942990777440198
0.9943621136238954
0.9944104354344487
0.9944452922039779
0.994468153557219
0.9944807105386585
0.9944848761994389
0.9944827859722871
0.9944767978650513
0.9944694925099448
0.9944636731124643
0.9944607954521236
0.99446022437024
0.9873712835417701
0.9873753349852065
0.9873875451652059
0.9874141113595943
0.9874617276311918
0.9875345515823793
0.9876346725437488
0.9877626260839305
0.987917818447047
0.9880988546096073
0.9883037846227606
0.9885302857084949
0.9887757962035739
0.9890376143130395
0.989312971439358
0.9895990871944615
0.9898932111802456
0.9901926551547316
0.9904948181590163
0.9907972064475803
0.9910974495498955
0.9913933134278029
0.9916827114341659
0.9919637135917924
0.992234554575824
0.9924936406829031
0.9927395559963004
0.992971067900783
0.9931871320593975
0.9933868969330121
0.9935697078998967
0.9937351110149745
0.9938828564353259
0.9940129015290861
0.9941254136783322
0.9942207727823815
0.9942995734657111
0.9943626269941885
0.9944109629042059
0.994445830351467
0.9944686991894249
0.9944812607915289
0.9944854286363949
0.9944833386806253
0.9944773495501162
0.9944700425871968
0.9944642217977304
0.9944613434295473
0.994460772215734
0.9873711736177627
0.9873752249464723
0.9873874393804152
0.9874140161346331
0.9874616427736004
0.9875344685375641
0.9876345817800621
0.9877625202570257
0.9879176926406739
0.9880987060843367
0.9883036124718425
0.9885300905425083
0.9887755798805109
0.9890373797021719
0.9893127222073376
0.9895988276078779
0.9898929459230473
0.9901923891606415
0.9904945564592816
0.9907969540340364
0.9910972112529158
0.9913930938084947
0.9916825146901699
0.9919635434762004
0.9922344143289856
0.9924935329771556
0.9927394828938816
0.9929710308253296
0.9931871317814627
0.9933869335699721
0.9935697809304418
0.9937352193081366
0.9938829982936978
0.9940130747455725
0.9941256156054685
0.9942210004129824
0.9942998235234051
0.9943628960322467
0.9944112474110061
0.9944461268609566
0.9944690043950202
0.9944815716620453
0.994485742532797
0.9944836534726323
0.994477663731956
0.9944703553920916
0.9944645333109686
0.9944616542705899
0.9944610829388366
0.9873710781051526
0.9873751274700311
0.9873873410994249
0.9874139204096269
0.9874615496450446
0.9875343732716549
0.9876344783131055
0.9877624035024134
0.987917559027075
0.9880985535109688
0.9883034401400437
0.988529898770254
0.9887753699208481
0.989037153570887
0.9893124825225605
0.989598577443229
0.9898926886747538
0.9901921284280828
0.9904942959378747
0.990796697419203
0.9910969621539651
0.9913928556714748
0.991682290729024
0.9919633366118781
0.9922342271364565
0.9924933676405431
0.9927393411701367
0.9929709140169984
0.9931870407191506
0.9933868686050688
0.9935697419385543
0.9937352057034989
0.9938830090545924
0.9940131084505489
0.9941256704798812
0.9942210743851287
0.994299914289329
0.9943630011281097
0.9944113642918178
0.9944462529844
0.9944691373091177
0.9944817090954687
0.9944858824867459
0.9944837943133451
0.9944778042831217
0.9944704950266448
0.9944646720420078
0.9944617925251278
0.9944612211126411
0.9873710407113621
0.987375087412755
0.9873872969296326
0.9874138722029275
0.9874614982870302
0.9875343190610052
0.9876344202028915
0.9877623395839712
0.9879174874176585
0.9880984728564405
0.9883033497602738
0.9885297986233703
0.988775260501551
0.9890370357978894
0.9893123576363586
0.9895984469193179
0.9898925541510754
0.9901919916438308
0.9904941586809546
0.9907965614803023
0.9910968292858257
0.9913927275524641
0.9916821689304806
0.9919632225689817
0.9922341221225941
0.9924932727452953
0.992739257281128
0.9929708418059187
0.9931869806322893
0.9933868208586822
0.9935697065193353
0.9937351823743295
0.9938829973656561
0.994013107755747
0.9941256799583736
0.9942210930676925
0.9942999410891177
0.994363034875304
0.994411403771596
0.994446296977617
0.9944691846350703
0.9944817586561517
0.994485933312045
0.9944838456066827
0.9944778554671478
0.9944705457886738
0.9944647223790115
0.9944618426363693
0.9944612711853675
0.9873710440510097
0.9873750887672939
0.9873872945974923
0.9874138658367148
0.9874614892089315
0.9875343087624405
0.9876344095837457
0.9877623286902787
0.987917475778477
0.9880984599289038
0.9883033351734821
0.9885297822307666
0.9887752423450824
0.9890370160546198
0.9893123365740158
0.9895984248643966
0.9898925314663323
0.9901919687117245
0.9904941358907392
0.9907965392174555
0.991096807923089
0.9913927074421021
0.9916821503975448
0.9919632059054814
0.9922341075825344
0.9924932605405913
0.9927392475784189
0.9929708347243301
0.9931869762421838
0.9933868191814403
0.9935697075281987
0.9937351859963135
0.9938830034845224
0.9940131162160057
0.9941256905702566
0.9942211056130184
0.9942999553279548
0.9943630505533203
0.9944114206279772
0.9944463147534293
0.9944692030819543
0.9944817775452329
0.9944859524429619
0.9944838648166551
0.9944778746400187
0.9944705648638493
0.9944647413601779
0.9944618615673855
0.9944612901049317
