1.0
1.0
1.0
1.0
1.0
1.0
1.0
1.0
1.0
1.0
1.0
1.0
1.0
1.0
1.0
1.0
1.0
1.0
1.0
1.0
1.0
1.0
1.0
1.0
1.0
1.0
1.0
1.0
1.0
1.0
1.0
1.0
1.0
1.0
1.0
1.0
1.0
1.0
1.0
1.0
1.0
1.0
1.0
1.0
1.0
1.0
1.0
1.0
1.0
0.9324631250301105
0.9328039006582448
0.9340753760599162
0.9365866485507556
0.9401967765169329
0.9444728402843567
0.949028363485577
0.9535729089586226
0.9579271113214837
0.9620056966668842
0.9657853662541904
0.9692746229503999
0.9724938036467133
0.9754651929191366
0.9782094877446021
0.9807450887190259
0.9830882154292618
0.9852531075217228
0.9872521918690741
0.9890962633298704
0.9907947097193338
0.9923557678426649
0.9937867781352471
0.995094409703112
0.9962848414600801
0.9973638981701883
0.9983371483185799
0.9992099737946207
0.9999876209917727
1.0006752408632427
1.00127792299494
1.0018007265777649
1.002248709557526
1.002626956229368
1.002940603017017
1.0031948619920545
1.0033950417119961
1.0035465650852995
1.0036549841363425
1.003725991702329
1.003765430226577
1.0037792979127091
1.003773752574273
1.0037551135607938
1.0037298621718558
1.0037046409928205
1.0036862526050572
1.003677440863442
1.0036755511951987
0.8660208960383363
0.8665961305244779
0.8687781428131436
0.8732153944091509
0.8797892912521988
0.8878028697001067
0.8965885380422708
0.9055961337865538
0.9144292139293074
0.9228385032824458
0.9306933415178749
0.9379476043904664
0.9446087493845452
0.9507133869197877
0.9563100712349194
0.9614485895488412
0.966174317278447
0.9705260306169537
0.9745357656105489
0.9782296821369085
0.981629267852074
0.9847525166737018
0.9876149190891503
0.990230221537913
0.9926109732403641
0.9947689031307172
0.9967151733388173
0.9984605496691692
1.000015520116001
1.0013903830293123
1.0025953186458778
1.0036404517827986
1.0045359094619857
1.0052918747519053
1.005918636776329
1.0064266362780174
1.0068265060381525
1.0071291056189717
1.0073455501685713
1.0074872333126526
1.0075658444104094
1.0075933806522366
1.0075821546247195
1.007544798072176
1.007494262656319
1.0074438185689207
1.007407051896432
1.0073894349954138
1.0073856553586789
0.8004504563973184
0.8011080084888261
0.8036921905173652
0.8093146541349843
0.8181579068318
0.8294415077662942
0.8422805796040254
0.8558285318683051
0.869381437360168
0.8824310964068686
0.8946693555496588
0.9059567261887987
0.9162738443118833
0.9256726182865915
0.9342373427443554
0.9420590170500727
0.9492214054805983
0.9557954515283337
0.9618386407270355
0.9673967384000285
0.9725062921245154
0.9771970552516254
0.981493986130111
0.9854187530721374
0.9889908016328672
0.992228082140035
0.9951475348665886
0.9977654130785306
1.000097503399673
1.0021592842363225
1.0039660482920034
1.005533004574922
1.0068753681468243
1.0080084413824693
1.0089476879493118
1.0097087994505203
1.0103077542201693
1.0107608677704176
1.011084834631384
1.0112967616467428
1.0114141931070368
1.0114551283775084
1.01143803289502
1.0113818435730115
1.0113059697758366
1.0112302911186175
1.0111751534303388
1.0111487375455306
1.0111430676010262
0.7346384207321125
0.7352651697683422
0.7379244035681172
0.744367813397614
0.7553051451097038
0.7698977796620945
0.7869716767414517
0.805279410932187
0.8237372108620692
0.8415565709732977
0.8582639860399635
0.873647515928955
0.8876759717642777
0.9004224838018787
0.9120068257963546
0.9225586494559449
0.9321978167996557
0.9410264033022074
0.9491275373240923
0.9565675791746688
0.9633994632278483
0.9696660361240117
0.9754028834284467
0.9806405125552933
0.9854059420742416
0.989723815008137
0.9936171616083698
0.9971079192294171
1.0002172916748988
1.0029660063924026
1.005374508375181
1.0074631151288838
1.0092521469906306
1.0107620405083027
1.0120134485703023
1.0130273287335207
1.0138250201177719
1.0144283088692858
1.0148594822308916
1.0151413714859332
1.015297384339627
1.0153515275949092
1.0153284212368632
1.0152533052512898
1.0151520406730337
1.0150511064983079
1.014977594217965
1.0149423797890598
1.0149348186607816
0.6674348546102085
0.667930078102213
0.6707368266133299
0.6784435643505196
0.6921614451204219
0.7107073918422429
0.7324248646401001
0.755618702970609
0.7788904218581546
0.8012771579392861
0.8222315075587461
0.8415238802855222
0.8591316789147444
0.8751473693944927
0.8897140758571914
0.9029859412600011
0.9151069163335601
0.9262017007354576
0.9363738663536368
0.945707679720908
0.9542714140780061
0.9621208943880529
0.9693026619770144
0.9758565379898627
0.9818175769974594
0.9872174977018124
0.9920857059111238
0.9964500191847467
1.0003371830646197
1.0037732465677527
1.0067838446904565
1.0093944198303506
1.0116304023705291
1.0135173625980862
1.0150811408570257
1.0163479596098626
1.0173445192734003
1.0180980788151657
1.0186365217915687
1.018988408529455
1.0191830153360875
1.0192503618684017
1.019221228044314
1.0191271621103273
1.0190004816824592
1.0188742697532713
1.018782367817851
1.0187383479798988
1.018728894303471
0.5980409163064095
0.5982922841316141
0.6018382041704353
0.6121057521338319
0.6299939034200683
0.653478563970423
0.68023809218822
0.7082202997361038
0.7359200842568611
0.7623942312146469
0.7871463748438113
0.8099863735127761
0.8309118259527479
0.8500227457201325
0.8674654332990509
0.8833981790431179
0.8979721195627736
0.9113220878685016
0.9235636802034223
0.9347938677593178
0.9450933473852761
0.9545294911895539
0.9631592444368828
0.9710316569289151
0.9781899434364684
0.9846730856755778
0.9905170421801291
0.9957556481240984
1.0004212826611434
1.0045453682521677
1.0081587513770875
1.0112920002693953
1.0139756441472112
1.0162403700311873
1.0181171873226478
1.0196375663747643
1.0208335548277103
1.0217378740634646
1.0223839974231765
1.0228062115625556
1.023039662316253
1.0231203865781027
1.0230853319033342
1.022972365756446
1.0228202765415035
1.0226687687503373
1.0225584547523006
1.0225056172957374
1.0224942695506092
0.5258537866305797
0.5258342917576219
0.5315806802816798
0.5466825844507466
0.5705437048195402
0.5998552748533615
0.6317099998249294
0.6640216834589974
0.6954903563944311
0.7253924749352573
0.7533772208829153
0.7793216081571417
0.803237729803081
0.8252142243552878
0.8453786616044762
0.8638732097793023
0.8808393558681961
0.896409072142064
0.9107005486111085
0.9238170032902009
0.9358473875823375
0.9468680945596666
0.9569450503674122
0.9661358021854914
0.974491395609486
0.9820579579726287
0.9888779796409962
0.9949913246612822
1.0004360174494555
1.0052488534334088
1.009465875790361
1.0131227521256434
1.016255076619294
1.0188986159963187
1.0210895120421428
1.0228644492543635
1.0242607933753445
1.0253167047115344
1.0260712290500753
1.026564368407143
1.0268371336101845
1.0269315806984134
1.0268908332325104
1.0267590927758357
1.0265816400086594
1.026404829141783
1.0262760785023612
1.026214408355564
1.0262011653289957
0.4496827667004168
0.4502205793266869
0.461248897275174
0.4843872226020193
0.5158448148375359
0.5512062694781701
0.5875899341708436
0.623398958833791
0.6578198786491897
0.6904516280348887
0.721106085457983
0.7497149293176415
0.7762856607736198
0.8008767886303244
0.8235801568875719
0.8445067675738658
0.8637754677338518
0.8815045458550315
0.8978061514204017
0.9127831762110693
0.9265280543941942
0.9391228939312938
0.9506404122694543
0.9611452642969213
0.9706954774437067
0.9793438207798587
0.9871390202635835
0.9941267897182163
1.0003506811127447
1.0058527746318346
1.0106742348818474
1.0148557591402787
1.0184379401070092
1.0214615611949183
1.0239678381237332
1.0259986169693474
1.0275965360267965
1.0288051568332366
1.0296690683475498
1.0302339674512881
1.0305467184851587
1.030655394351089
1.0306093017022264
1.0304589928455892
1.0302562671478055
1.0300541649310226
1.029906957061763
1.0298364392646953
1.0298213006081989
0.36578701032725697
0.37129732561046486
0.39338442861550016
0.42794101651713434
0.46751618087489816
0.5080745135680877
0.5478424379874687
0.5861540266106418
0.622755944034817
0.657524496644817
0.6903808588970238
0.7212762953917434
0.7501943542101284
0.7771524128306264
0.8021987374219591
0.8254059653896739
0.846863049397094
0.8666674365142971
0.8849185836233884
0.9017132616888125
0.9171426334756236
0.9312908226583855
0.9442345891704471
0.9560437311993252
0.9667818975965577
0.9765075776888936
0.9852751150361166
0.9931356561690046
1.000137991698531
1.0063292770787546
1.011755637375647
1.0164626685588463
1.020495850430007
1.023900885811157
1.0267239787007547
1.0290120617729224
1.0308129813925013
1.0321756464919223
1.033150146275058
1.033787840754336
1.0341414275247054
1.0342649878544852
1.0342140150558787
1.0340454281250684
1.033817573764346
1.0335902200785154
1.03342454545689
1.0333451685905666
1.0333281354603758
0.2652953294405926
0.2898182784431905
0.33165017408822717
0.37924643177284584
0.4256326545279972
0.46972430614015975
0.5116541148123087
0.5516780595544785
0.5899330940323537
0.626444402682897
0.6611744465702913
0.6940659479625884
0.7250708216413078
0.7541657504177349
0.7813573830510516
0.8066806180367173
0.8301930945029219
0.8519682941558657
0.8720888578834473
0.8906410088375367
0.9077104295678282
0.9233795794587492
0.937726238110102
0.9508229811228852
0.9627372949526156
0.9735320807546987
0.9832663566532509
0.9919960266688976
0.999774633926393
1.0066540528212535
1.0126851001025339
1.0179180604928093
1.0224031310998223
1.0261907928247496
1.0293321180866524
1.0318790237740099
1.0338844772572622
1.0354026620600956
1.0364891086622705
1.0372007950117366
1.0375962206877656
1.0377354582621077
1.0376801852132227
1.0374936997151787
1.0372409237060087
1.036988396802844
1.036804264852533
1.036716024887229
1.0366971006883765
0.13736120659047585
0.20984206665652771
0.27886957660288364
0.33725407262655427
0.3880338900004798
0.4343284125603685
0.4778007222445544
0.5192308238070701
0.5589400955633488
0.5970148731740926
0.6334285417242019
0.6681118416178363
0.7009930412373863
0.7320191679682447
0.7611650229742041
0.7884344605739524
0.8138571318790396
0.837483016367233
0.859376362966554
0.8796100714231538
0.8982610666276831
0.9154068628374996
0.9311232789211786
0.9454831336876556
0.9585556975990315
0.9704066774542786
0.9810985407465164
0.990691028662707
0.9992417495015494
1.00680678129487
1.013441241172656
1.0191997994928113
1.024137130197051
1.0283082969187887
1.0317690786714813
1.0345762408253052
1.0367877575370066
1.038462991521381
1.0396628364821776
1.0404498269116758
1.0408882194547773
1.0410440496702367
1.0409851678182507
1.0407812572458344
1.0405038390042696
1.0402262664877984
1.040023714110677
1.039926618621093
1.0399058098934961
-0.0
0.14190870111686907
0.23248493986259952
0.2972546884343999
0.3513930679614021
0.399932426045358
0.4451691759009622
0.4881809379562016
0.5294282569780961
0.569060082239411
0.6070770915098785
0.6434189720383607
0.6780111154235114
0.7107891011339958
0.7417103561514077
0.770758060764808
0.7979403517246173
0.8232868693957783
0.8468440976596219
0.8686705042649953
0.888832125807332
0.9073989438921174
0.9244421723706322
0.9400324210526189
0.954238611821887
0.9671274851953578
0.9787635333589458
0.989209214902025
0.998525335172563
1.0067715063488583
1.0140066282937787
1.0202893529468058
1.0256785110695674
1.0302334912085838
1.0340145677960848
1.0370831794501558
1.0395021607009443
1.0413359313000778
1.042650647500877
1.0435143195874712
1.0439968997067874
1.0441703438475545
1.044108651679462
1.0438878879377764
1.0435861891145286
1.0432837593844924
1.0430628599398195
1.0429569325958183
1.0429342500602579
-0.0
0.09827374799515537
0.18523620137172592
0.2553816098007075
0.3137860064601085
0.36544005416271574
0.41310161089943087
0.45813275677479404
0.5011629798300069
0.5424482670135103
0.5820582569313034
0.6199756196115992
0.6561496815156062
0.6905254728118243
0.7230590288221989
0.7537245823334439
0.7825167600349456
0.8094496988793884
0.834554397401719
0.8578752546659881
0.8794664752560967
0.899388785656454
0.9177067107555891
0.9344865049436298
0.9497947235646524
0.9636973545279792
0.9762593991158021
0.987544785705402
0.9976165106583196
1.006536919050603
1.014368058494347
1.0211720584833373
1.0270115037123602
1.0319497821424015
1.0360513974323269
1.0393822413146179
1.0420098252461123
1.0440034728589165
1.045434475904724
1.0463762169320217
1.0469042621457925
1.047096427962485
1.0470328248054344
1.046795881752831
1.0464703557826516
1.046143329565967
1.0459042020408376
1.0457894872203446
1.0457649468974781
-0.0
0.0713160833779835
0.14553693310215848
0.21475675567405583
0.2760146547952401
0.3309966864438102
0.381563685077252
0.4290039870351147
0.47405936291500916
0.5171103489512713
0.558326475872808
0.5977621326840333
0.6354140433460211
0.6712552041689123
0.7052546980620941
0.7373888476149226
0.7676468576502585
0.7960328645130319
0.8225656717357268
0.8472771000261391
0.8702096465421445
0.8914139607537019
0.9109464797237382
0.9288674242508038
0.9452392441819113
0.9601255192550705
0.9735902698000403
0.9856976048376854
0.9965116271807786
1.006096519522858
1.0145167465997198
1.021837322123726
1.0281241025829226
1.03344408165816
1.0378656683421648
1.0414589388260413
1.0442958571466845
1.04645046288398
1.0479990262883971
1.0490201724837718
1.0495949771259074
1.0498070363270555
1.0497425139335674
1.0494901694699816
1.049141370298515
1.0487900918215194
1.0485329098916631
1.0484094772167183
1.048383101389928
-0.0
0.054706020915958796
0.11616646854643405
0.17994228124663736
0.24105025464337332
0.2981109389532356
0.35124833206606626
0.4010866230035723
0.4482204560349931
0.4930660884332669
0.5358716844804376
0.576765595636851
0.615801207578127
0.6529899750901469
0.6883238112127136
0.7217895613205609
0.7533778666508698
0.7830880816753251
0.8109304390186124
0.8369263544166499
0.8611075629233038
0.8835146221433234
0.904195182512375
0.9232023021034381
0.9405929767784428
0.9564269700432144
0.9707659629733247
0.9836730023514053
0.9952122015950332
1.0054486397926166
1.0144484046351225
1.0222787312060762
1.029008197355423
1.0347069456038105
1.0394469099401789
1.043302032889905
1.046348463695376
1.048664732482294
1.050331898125873
1.0514336694590694
1.05205650074042
1.052289663140252
1.052225294580817
1.0519584307019418
1.0515870201045383
1.0512119274047187
1.0509369280449228
1.0508048766651203
1.0507766946071224
-0.0
0.04477784259160049
0.09631950001878263
0.15329844357566444
0.21173512503844483
0.2688598273488785
0.3233865637044396
0.37503097497912813
0.4239606503558764
0.4704520065190559
0.5147436849106866
0.5569993989876337
0.5973149788365502
0.635737379403574
0.6722833302059412
0.7069541154903018
0.739746164086847
0.7706580569441503
0.7996947199745873
0.8268695142316786
0.8522048369028532
0.8757317453494206
0.8974890170754328
0.9175219616123589
0.9358812090560827
0.9526216191072353
0.9678013879420576
0.981481380019118
0.993724677685712
1.0045963211249875
1.0141632017691056
1.022494070570271
1.0296596255572552
1.035732648589776
1.04078816750653
1.0449036259072415
1.04815904806449
1.0506371907221201
1.052423676815024
1.0536071085676155
1.0542791591693597
1.0545346434625538
1.0544715689679105
1.0541911692458348
1.053797922144101
1.0533995559867282
1.0531070472625375
1.052966509751433
1.0529365583281827
-0.0
0.03930302584499427
0.08410084360376019
0.1349098188758725
0.18942405905069118
0.24483261769550138
0.29923991884135326
0.3516640495338972
0.4017620586235774
0.4495255658394026
0.4950693145220771
0.5385215002075021
0.5799817297388252
0.6195134137661812
0.6571500221626504
0.6929050280829979
0.7267813048251707
0.758778568376115
0.788898652747317
0.8171488568951543
0.8435437441995617
0.8681057931927519
0.8908652645348725
0.9118595930089557
0.9311325481061097
0.9487333410716445
0.9647157961815163
0.9791376535356958
0.9920600317087849
1.0035470512492972
1.0136656029783304
1.0224852362644095
1.0300781396826968
1.0365191876052577
1.04188602959473
1.0462592037199574
1.0497222592426805
1.05236187805815
1.0542679875906185
1.0555338605016251
1.0562561986208796
1.0565352000610864
1.0564746096481692
1.0561817536998728
1.0557675609154786
1.0553465717745736
1.055036939440764
1.054888085163113
1.0548564093469461
-0.0
0.03676174524650113
0.07749708793831162
0.12354179127320579
0.1739804393366471
0.2266212528840592
0.27962235086076825
0.33170564018039994
0.3821453127911581
0.430620400698604
0.47704531570098974
0.5214413929640017
0.5638611908619608
0.6043530139136966
0.6429493007884033
0.6796667147598523
0.714510780757303
0.747481452372342
0.7785780265452233
0.8078028643770692
0.8351638674747879
0.8606758715603708
0.8843611948884116
0.9062495876902784
0.9263778042492932
0.944788979133008
0.9615319441072556
0.9766605790097265
0.9902332524243256
1.0023123783714807
1.0129640938202475
1.022258047935505
1.0302672862683675
1.0370682100235
1.042740590598929
1.0473676215295695
1.0510359928140678
1.0538359757040834
1.0558615089807644
1.0572102803267929
1.0579837985523342
1.0582874541631146
1.0582305671282886
1.0579264217930497
1.0574922897662176
1.0570494423684487
1.0567231549113842
1.0565661926969319
1.056532845938857
-0.0
0.036052541230613334
0.0747081880244338
0.11747621574121761
0.1643432952482766
0.21390108454198806
0.2647105879854504
0.31554349993494835
0.36550998235255316
0.41405864267916415
0.4608993110025092
0.5059075527918792
0.5490462840041609
0.5903147533674191
0.6297211473858327
0.6672709974962266
0.7029644641050462
0.7367978040656619
0.7687662953878339
0.7988672208422766
0.8271022966359971
0.8534793584517413
0.8780133320880515
0.900726612612783
0.9216490076007061
0.940817396495915
0.9582752366410345
0.9740720175092975
0.9882627346910463
1.0009074281463053
1.0120708071756161
1.0218219681437912
1.0302341999463738
1.0373848657238636
1.0433553463622498
1.0482310308229197
1.0521013394054484
1.0550597679430274
1.0572039431477551
1.0586356815302858
1.0594610463301255
1.0597903986294857
1.0597384402751864
1.0594242474301658
1.0589712945692362
1.0585074695789818
1.058165081371404
1.058000261331357
1.0579653057430634
-0.0
0.0363775831888847
0.07427147203552488
0.11502247888811792
0.15909698203663297
0.20577971608302723
0.25412836093195246
0.30316213238493983
0.35202264126505667
0.40005805331497135
0.4468304320055102
0.49207575824778355
0.5356492273725139
0.5774767852512858
0.617520822885452
0.6557597091210235
0.6921775888426861
0.7267605988708755
0.7594965348558037
0.7903760371343836
0.8193941814054528
0.846551907739475
0.8718570541640849
0.895324948340812
0.9169786068756647
0.9368486328039041
0.9549729106638924
0.9713961897468028
0.9861696287775135
0.9993503553154296
1.011001074156851
1.021189742940307
1.029989320808685
1.0374775873887774
1.043737024061589
1.0488547468430376
1.0529224794557859
1.0560365556948665
1.058297941439961
1.0598122682514268
1.0606898721401548
1.0610458326649748
1.0610000089081324
1.0606770700872026
1.060206519593433
1.059722712133221
1.05936486442867
1.0591924787751101
1.059155985090399
-0.0
0.037182351936324805
0.07509290446672966
0.11476671711236093
0.15685460812067578
0.2011515591128114
0.24715972786886092
0.2942082826333437
0.34159068037274815
0.38867337594830176
0.4349535222427909
0.4800688039551406
0.5237769653665305
0.5659239157767956
0.6064132836675198
0.6451832139784077
0.6821912725697487
0.7174059638085363
0.7508027725928121
0.7823628992471715
0.8120733669225678
0.8399276635053152
0.8659264440368475
0.8900780636280504
0.9123988610592393
0.9329131979886772
0.9516533004569103
0.9686589642597772
0.9839771848218283
0.9976617629025626
1.0097729247543015
1.0203769823496907
1.0295460478097012
1.0373578070376925
1.0438953510000066
1.0492470588846698
1.0535065251044455
1.056772521306771
1.0591489847511022
1.060745025224948
1.0616749437953272
1.062058257923874
1.0620197286801882
1.0616893868986608
1.0612025561118723
1.0606998709604227
1.0603272905412167
1.0601476733093727
1.0601097206108683
-0.0
0.03810863567783135
0.0764218517266722
0.11565239372784569
0.15645564398062228
0.1989483999327939
0.24296571148895452
0.2881226268038194
0.33390929733713753
0.3797880502932999
0.4252673971536184
0.46994230445282403
0.5135038904497385
0.5557291807459044
0.5964622289925205
0.635594703580478
0.6730500748463355
0.7087725423259099
0.7427202009579771
0.7748613476271072
0.8051728190422032
0.8336394809740161
0.860254261773399
0.8850183562296184
0.9079413971749201
0.9290415063805356
0.948345205866414
0.9658872085987317
0.9817101242145152
0.995864118833412
1.0084065639093454
1.019401701396025
1.0289203438490004
1.0370396200333258
1.043842769964111
1.0494189883649956
1.0538633122380656
1.0572765463616038
1.0597652197555598
1.0614415661601648
1.062423522080358
1.0628347367345572
1.0628045891487596
1.0624682085491854
1.0619664950667427
1.0614461385464489
1.0610596339475238
1.0608731595701548
1.0608338347801778
-0.0
0.03895020294902492
0.07779403486034761
0.11696603805491483
0.15703203770605656
0.198274730036296
0.24074310572721114
0.28427359268312025
0.32854464181965504
0.37314749826759464
0.41765400602902314
0.4616673985664927
0.5048507474089838
0.5469355019647204
0.5877166502606278
0.6270414418772962
0.6647968690181606
0.700898822561752
0.735283996164255
0.76790449171605
0.7987245782311974
0.8277189468680041
0.8548718877221976
0.8801769607301679
0.9036368774611242
0.9252634269279586
0.9450773619135413
0.9631082166599888
0.9793940586824658
0.993981193415741
1.0069238457940344
1.0182838418774034
1.0281303093064211
1.036539409768317
1.0435941111048828
1.0493840019174865
1.0540051478439356
1.0575599861371159
1.0601572536457753
1.0619119425857877
1.0629452783789068
1.0633847141251949
1.0633639367995487
1.063022880897084
1.0625077459104855
1.0619710146518637
1.0615714700026846
1.0613785507403497
1.061337947886298
-0.0
0.039610900414933134
0.07896270809991293
0.11827837730658738
0.15799714550893548
0.19845511175831268
0.23981415682190996
0.28205855863125734
0.3250184883252018
0.3684132220755101
0.41190234780931134
0.45513307013413984
0.4977754478651044
0.539542750436085
0.5801986285401959
0.6195551594667522
0.6574661159030485
0.6938188438950808
0.728526800327111
0.7615236516017266
0.792759077345141
0.8221960332940257
0.8498090950238765
0.8755835154591446
0.8995147020020693
0.9216079054561946
0.941877989602971
0.960349209264103
0.9770549655510401
0.9920375325740526
1.0053477638482748
1.017044792506314
1.0271957401347487
1.0358754468413855
1.0431662316365369
1.0491576884336684
1.053946519569403
1.0576364060164458
1.0603379115029479
1.0621684165098337
1.0632520774740581
1.0637198063353828
1.0637092656853067
1.0633648750868459
1.0628378245371006
1.062286091472157
1.061874458118688
1.061675540404904
1.0616337596798255
-0.0
0.04006759556291145
0.07983196866912176
0.11937192195106949
0.15899758948550577
0.19902685724011077
0.23965992331292202
0.28096354702214843
0.32287405213127773
0.36521799301627134
0.40774484749851325
0.4501637392641874
0.4921766533366363
0.5335032289145837
0.573895549099601
0.6131440544482144
0.6510771353810574
0.6875571757608481
0.7224752850638241
0.7557461619504504
0.7873038086602286
0.8170983040916373
0.8450935518802855
0.8712657955470214
0.8956026719871067
0.918102605645299
0.9387743950138785
0.9576368921209906
0.9747187162196151
0.9900579726595383
1.0037019676188694
1.0157069208899785
1.0261376844232741
1.0350674758091414
1.0425776349338547
1.0487574098828765
1.053703775612906
1.0575212864878942
1.0603219617490296
1.0622252014687095
1.0633577295175876
1.063853559483293
1.063853979223371
1.063507549713233
1.0629701139723833
1.0624048120455383
1.061982098222352
1.061777658033818
1.0617348046816042
-0.0
0.04034002717065016
0.0804000239885342
0.12017227175903275
0.15985365560432707
0.19970508481771274
0.23991654459253245
0.28058712425402965
0.3217164883906609
0.3632097885243741
0.4048944522381376
0.44654451616268326
0.4879070231878533
0.5287256179798397
0.56875828287498
0.6077882705001301
0.6456289639242239
0.6821242908152917
0.7171464867136507
0.7505927055008926
0.7823814963637208
0.8124497065271323
0.8407500235151901
0.8672491570589111
0.8919265554800655
0.9147735188686967
0.9357925796863664
0.9549970476826737
0.9724106462775961
0.9880671946519778
1.0020103108604024
1.0142931259481462
1.024978008127668
1.0341363008042015
1.0418480799209098
1.0482019358415966
1.053294783681602
1.0572317042653652
1.0601258161425493
1.0620981775673854
1.0632777161417657
1.0638011829575449
1.063813127510845
1.0634658893382005
1.062919602170712
1.0623422063520507
1.0619094652609773
1.0617000026657186
1.061656185726953
-0.0
0.040468350768651976
0.08071551266571489
0.12069125205556706
0.16050266795502072
0.20033853637775392
0.24035163348440214
0.2806394060458606
0.3212304443685484
0.3620799226354313
0.4030747583966234
0.44404686762546763
0.48479125261641504
0.5250851517266177
0.5647050531038009
0.6034396140828402
0.641097891028043
0.6775133472362606
0.7125446862109975
0.7460746894922538
0.7780080745876891
0.808269097217914
0.8367993269572607
0.8635557914312683
0.8885095294857893
0.911644508994594
0.9329568307338827
0.9524541364290914
0.9701551513952155
0.9860893100184285
1.0002964298604629
1.0128264146552584
1.0237389770541845
1.0331033788470825
1.0409981902040542
1.0475110710486206
1.0527385777423124
1.0567859974586247
1.0597672114181371
1.061804586863644
1.0630288964651646
1.0635792628532807
1.0636031252109868
1.0632562242918184
1.0627026018350905
1.0621146100689158
1.0616729267779452
1.0614589598449433
1.061414290803446
-0.0
0.04049796689762397
0.08084685879141261
0.12098434338131524
0.160952158530192
0.20086701079532132
0.24083329503051062
0.28092688198639204
0.3211808255709519
0.3615762182333103
0.40203999926614337
0.44244978995916023
0.4826442894192371
0.5224368137485839
0.561629370013688
0.6000251296381792
0.6374380153777855
0.6736990088585415
0.7086594756632963
0.7421921899689711
0.7741908437640923
0.8045687372234949
0.8332571682381482
0.860203848281191
0.8853715129073249
0.9087367838033558
0.9302892730815183
0.9500308890246045
0.9679752938627469
0.984147468325178
0.9985833474802357
1.0113295032780951
1.022442858852501
1.0319904270336893
1.0400490705310967
1.0467052841568885
1.0520550007522365
1.0562034226411332
1.059264879904286
1.0613627158768184
1.0626291992671482
1.0632054613210244
1.0632414555937026
1.062895937172733
1.0623364576079213
1.0617393713290155
1.0612898489300535
1.0610719072006614
1.0610264985721696
-0.0
0.040470456324022144
0.08086290305614527
0.12112168755213058
0.16124490463449664
0.201285780653903
0.24129957518741332
0.28133137216625204
0.3214034146682964
0.3615047265886805
0.4015850838439394
0.44155429319379197
0.4812865358686117
0.5206285494782541
0.5594098753814067
0.5974533567489149
0.6345844408869387
0.6706384232774991
0.7054653642062912
0.7389328656801083
0.770927157584697
0.8013530222761576
0.8301330407497393
0.8572065335550018
0.8825284454387515
0.9060683143960585
0.9278093859060691
0.9477478823057396
0.9658924101818194
0.9822634782116451
0.9968930975044257
1.0098244411763777
1.0211115462886813
1.0308190474330732
1.039021936221342
1.0458053444288333
1.0512643506378732
1.0555038111815327
1.0586382163114187
1.060791572097053
1.062097307848253
1.0626982080117824
1.0627463666448183
1.062403161775529
1.0618392462522108
1.061234551058429
1.0607782965159418
1.0605569142400073
1.0605108781433783
-0.0
0.04041913695243723
0.08082233017701052
0.12117041420842169
0.1614352257124479
0.20161878051409646
0.24173243582048942
0.2817886127279884
0.32179083372672385
0.36172413108300777
0.4015477073355614
0.44119112925176257
0.48055451822704714
0.5195123813726018
0.5579201014555729
0.5956217929375235
0.6324582536327257
0.6682740193054241
0.7029229317688311
0.7362720308370376
0.768203888209039
0.7986176818586518
0.8274293718405565
0.8545713161726758
0.8799915976256629
0.9036532509997179
0.9255335063920345
0.9456231067185523
0.9639257191967175
0.9804574380961965
0.9952463656168906
1.0083322550356293
1.019766201828328
1.0296103718745222
1.0379377595505657
1.0448319716892596
1.050387035688203
1.0547072314477246
1.0579069474326046
1.060110561164969
1.061452344059579
1.0620763898726175
1.0621365652779244
1.0617964802973603
1.061229475546745
1.060618622540486
1.0601567326298775
1.0599324419596
1.059885888707938
-0.0
0.04036778223071336
0.08076934620790059
0.12118552851575635
0.16157464078969042
0.20190026205136527
0.24213779521567125
0.2822695479910601
0.3222776926592127
0.3621364701500167
0.4018051412577985
0.44122294969309117
0.48030687691861385
0.5189523771964629
0.5570367257379512
0.5944242145447094
0.6309722552762709
0.6665374935284617
0.7009812448357977
0.7341738428948682
0.7659977632853125
0.7963495964882464
0.8251410706659664
0.8522993730357699
0.8777670096123436
0.9015014013575158
0.9234743614164138
0.9436715472945791
0.9620919408418122
0.9787473798739053
0.9936621471710007
1.006872613016416
1.0184269236911858
1.0283847280740759
1.0368169359522097
1.0438055036491873
1.0494432444392172
1.0538336626075075
1.0570908108426766
1.0593391709448476
1.06071355770593
1.0613590453868822
1.0614309155921597
1.0610946246141266
1.0605257875549654
1.059910175772038
1.059443723454893
1.059217047770036
1.0591700845149201
-0.0
0.04033125789189496
0.08073336505097119
0.12120670276478146
0.16170457433520058
0.202163566216985
0.2425316053735745
0.282765633707662
0.32282721763531563
0.36267686510749864
0.40226812782752536
0.441542561846347
0.480426387979681
0.5188293186264903
0.556645593635184
0.5937568917035635
0.6300365298760243
0.6653542662086999
0.6995810694570817
0.732593370952488
0.764276509881427
0.7945272715538023
0.8232555643164935
0.8503853708959425
0.8758551474950762
0.8996178420447766
0.9216406775231091
0.9419048111394198
0.9604049452203416
0.9771489362753882
0.9921574269590889
1.0054635112602173
1.0171124348865377
1.0271613287827597
1.035678972443905
1.0427455839147584
1.0484526342181528
1.0529026848807215
1.056209247930368
1.0584966681079304
1.059900027058505
1.0605650689958916
1.060648146839475
1.0603161871804563
1.0597466717070563
1.0591276319546175
1.0586576534772996
1.0584291009904812
1.0583818304476285
-0.0
0.04031712738685002
0.080730932755245
0.1212587257185348
0.1618538944577033
0.20243529966531693
0.24293111107291873
0.28327830963904954
0.3234204439348202
0.36330395544260163
0.40287376202385594
0.44206891701955264
0.48081910140979606
0.5190425061431264
0.5566453767639697
0.5935231905337253
0.629563181434843
0.6646477660311817
0.6986583700490813
0.7314792001684414
0.7630006163108622
0.7931218979471198
0.8217533295359342
0.8488176328888888
0.8742508391952224
0.8980027226228302
0.920036919166864
0.9403308390823992
0.9588754581241057
0.9756750487222551
0.9907468911813725
1.004120988724991
1.0158397988870709
1.025957986658439
1.0345422008880454
1.041670873665419
1.0474340418943657
1.0519331903594167
1.0552811158567932
1.0576018121619675
1.0590303756189885
1.0597129309313844
1.0598065763290598
1.0594793467219388
1.0589101927770892
1.0582889731161917
1.0578164560583663
1.0575865138228355
1.0575390331028385
-0.0
0.040327569969618254
0.08076861443096436
0.12135388780989187
0.16203941976385994
0.20273324514884658
0.24335011389223382
0.2838121576074223
0.32404823158008317
0.363991926096326
0.40357862253913246
0.4427421584950186
0.4814117093484959
0.5195094182736611
0.5569491408414206
0.5936364568123493
0.6294698873784659
0.6643430831922137
0.6981476442634472
0.7307762049079656
0.7621254548182644
0.7920988484689426
0.8206088533396693
0.8475786803881252
0.8729435132755003
0.8966513001798468
0.9186631947733599
0.9389537364215409
0.9575108506728437
0.9743357359258795
0.9894426855363815
1.002858879530238
1.014624167951823
1.0247908590227315
1.0334235193808805
1.0405987900813072
1.0464052200789475
1.0509431179711255
1.054324422381006
1.0566725911849688
1.0581225096238913
1.0588204170838982
1.0589238519456974
1.0586016133834781
1.0580337383664316
1.0574114914088484
1.0569373638572503
1.0567064922755685
1.0566588918392115
-0.0
0.040361207443038435
0.08084601307879516
0.12149509740496456
0.16226797421173608
0.20306658688288193
0.24379705362777396
0.2843709802481314
0.32470586976237803
0.3647244208588442
0.4043528610606325
0.443518662796104
0.48214808563766987
0.5201639917527301
0.557484305731199
0.5940213572900086
0.6296821866980931
0.6643697408848686
0.6979847705305219
0.7304281713037389
0.7616034987261477
0.7914194170902129
0.819791902432594
0.8466460900196999
0.8719177231655851
0.8955542128015811
0.9175153520879337
0.9377737481337002
0.9563150370122631
0.9731379432237853
0.988254234832009
1.001688614025949
1.0134785720154158
1.023674228113207
1.0323381659585624
1.03954527497637
1.0453826019756933
1.0499492158237613
1.0533560869699918
1.0557259828996646
1.0571933801220073
1.057904392881807
1.0580167183353064
1.0576995974082635
1.0571337899473179
1.0565115620949532
1.0560366830801826
1.0558053109930694
1.0557576737473733
-0.0
0.04041462958297639
0.0809584459464897
0.12167896835010299
0.16253900249051315
0.20343736121064024
0.24427487621372762
0.2849559877288842
0.3253897967404665
0.36549026248929545
0.4051755393220331
0.44436663541232924
0.4829856876986542
0.5209541944537944
0.5581915312756334
0.5946140078088332
0.6301346185508033
0.6646635240177211
0.6981091909327519
0.7303800397989056
0.7613864049008524
0.7910426059950724
0.8192689556964315
0.8459935704941609
0.8711539042811833
0.894697971155793
0.9165852625319862
0.9367873895419149
0.9552884956575559
0.9720854886313458
0.9871881382622439
1.0006190800594366
1.0124137569550604
1.0226203234206046
1.0312995295788412
1.038524597536771
1.0443810981928263
1.048966833990084
1.0523917312139617
1.0547777441852104
1.0562587728364106
1.056980594499943
1.0571008101524924
1.0567888047793448
1.0562257209017292
1.0556044436385104
1.055129594950161
1.054898115371557
1.0548505159202024
-0.0
0.04048354362420992
0.08109906397430393
0.12189846543686426
0.16284712863576228
0.20384237013508685
0.24478188272712362
0.28556536404306065
0.32609589412938245
0.36628070137044694
0.4060312225175535
0.4452625241352353
0.48389225991853607
0.5218394029080355
0.5590230113160379
0.5953612634594486
0.6307709389261111
0.6651674428163432
0.6984653838542387
0.7305796408643676
0.76142679714481
0.7909267942989066
0.8190046555906016
0.8455921484525082
0.8706292883338688
0.8940656232436424
0.9158612732282684
0.9359877271665791
0.9544284187515795
0.9711791145064282
0.9862481506061302
0.9996565541699065
1.0114380805700973
1.0216391928426445
1.0303190036683618
1.0375491953353815
1.043413928917821
1.0480097506718002
1.0514455012561579
1.0538422316576281
1.0553331284505827
1.0560634500810702
1.0561904751001716
1.05588346258672
1.0553236243322057
1.0547041076761816
1.0542299871619265
1.0539987537185826
1.053951257778449
-0.0
0.04056355782024398
0.08126037187075648
0.12214494049458373
0.1631843268707482
0.20427507742262413
0.24531298632292453
0.28619462910250176
0.326818849872249
0.3670878405069425
0.4069076762721223
0.44618830352601574
0.48484306648099257
0.5227879254998963
0.5599405556640045
0.5962195193397045
0.6315436817767734
0.6658319906967164
0.6990036794351314
0.7309788901087212
0.7616796591108834
0.7910311695084697
0.8189631568791137
0.8454113558568773
0.8703188900307094
0.8936375321186975
0.9153287886900644
0.9353647893710313
0.9537289813645476
0.9704166448766355
0.9854352537166319
0.9988047088783144
1.0105574726844548
1.0207386284905893
1.0294058871864877
1.0366295576819522
1.0424924947705414
1.0470900345123628
1.0505299246496442
1.0529322555269205
1.0544293954285326
1.055165933046712
1.055298628836836
1.0549963762055938
1.0544401727396024
1.0538231009667722
1.0533503174187917
1.0531196415486297
1.0530723055423943
-0.0
0.04065065432339205
0.08143520678749472
0.12240954978104937
0.16354157560499538
0.2047272265783819
0.24586100857417678
0.28683737074694887
0.3275521712802879
0.3679038900289227
0.40779444286998856
0.44712955550368505
0.4858187260224606
0.5237748626983362
0.5609137236027729
0.5971533043995756
0.632413318093192
0.6666148872867661
0.6996805307680456
0.7315344796026875
0.7621033117003095
0.7913168552969253
0.8191092858284261
0.8454203290893594
0.8701964853599143
0.8933922012436519
0.9149709341805514
0.9349060748958476
0.9531817121011504
0.9697932394193278
0.9847478157786755
0.9980646974016087
1.0097754626242672
1.0199241510607264
1.0285673370486563
1.035774154736811
1.0416262892468686
1.0462179454911742
1.0496558036907397
1.0520589685063175
1.0535589169660446
1.0542994489891326
1.0544366431875651
1.0541388196965886
1.0535865109696767
1.0529724407191745
1.0525015104493773
1.0522716594096038
1.0522245302423283
-0.0
0.04074142407123105
0.08161728107282498
0.12268413160598356
0.1639099940273407
0.20519007579699494
0.24641780865341806
0.2874860646571982
0.3282885332827596
0.3687209529903534
0.4086820612615718
0.44807420678117116
0.48680361971224106
0.524780380772756
0.5619181663149453
0.598133871511942
0.6333472237415497
0.6674804921472357
0.7004583788258278
0.7322081463311747
0.762660000905285
0.7917477169998989
0.8194094611998286
0.8455887557464901
0.8702355144804013
0.8933070862224864
0.9147692500742599
0.9345971208855708
0.9527759383262843
0.969301727273081
0.9841818290541675
0.9974353117692814
1.0090932733782954
1.0191990539404332
1.027808373928469
1.0349894146273255
1.0408228548699925
1.0454018762467365
1.0488321467770743
1.0512317910533957
1.0527313531398694
1.0534737570562704
1.0536142684657726
1.0533204601693937
1.0527721831330201
1.0521615439850924
1.0516928891815713
1.0514640849120624
1.0514171999368938
-0.0
0.040833136152238644
0.08180140654523999
0.12296166113019691
0.1642815315668573
0.20565524481382708
0.24697515556806704
0.28813281700157156
0.32902024603911173
0.3695311103619252
0.4095617195253352
0.4490117649359566
0.48778478922340995
0.52578839736463
0.5629342510143066
0.5991379115206925
0.6343186125101982
0.6683990471648141
0.7013052478683701
0.7329666184013873
0.7633161546770073
0.7922908633943458
0.8198323631772665
0.8458876331606747
0.870409861610145
0.8933593425185976
0.9147043703877996
0.9344220908368828
0.9524992751549209
0.9689329983720826
0.9837312112076761
0.9969132052687851
1.0085099775948594
1.0185645050182461
1.0271319411086983
1.0342797491333906
1.0400877839801375
1.0446483348065994
1.0480661386503767
1.0504583736195312
1.0519546387397234
1.0526969261443901
1.0528395900837404
1.0525493161865362
1.0520050935061618
1.0513981910825487
1.0509321400174072
1.050704558894453
1.0506579460687926
-0.0
0.040923704217230746
0.08198350848398182
0.12323640447517847
0.16464931004302644
0.20611522418502937
0.2475253299159745
0.2887699509618306
0.3297397092293748
0.37032664012643907
0.41042516920570854
0.4499329042060925
0.4887512196516114
0.5267856314594312
0.5639459796126342
0.6001464568244737
0.6353055371951489
0.6693458682006874
0.7021941902538152
0.7337813404857516
0.7640423828301004
0.7929168875971846
0.8203493636719318
0.8462898282640612
0.8706944851057682
0.8935264734335204
0.9147566472314331
0.9343643463623189
0.9523381270714905
0.9686764273720092
0.9833881515315631
0.9964931660938191
1.0080227067902963
1.018019700942577
1.0265390134633359
1.0336476265159833
1.0394247635929574
1.0439619685686756
1.0473631494998017
1.0497445958504414
1.0512349766105185
1.0519753255809277
1.0521190189910326
1.0518317496216827
1.0512915007304657
1.0506885222987947
1.050225311418317
1.0499990849165555
1.0499527631451504
-0.0
0.04101159859077135
0.08216051783781367
0.12350388066992168
0.16500772114139914
0.20656362130238226
0.24806148534266995
0.2893904162413155
0.3304397836769958
0.37110026401277596
0.4112647756001291
0.4508292761643097
0.4896934031976308
0.5277609493571211
0.5649401774880289
0.6011439943228212
0.6362900158813453
0.6703005683694165
0.7031026737874523
0.7346280684904675
0.7648132958181543
0.7935999019719543
0.8209347496240695
0.8467704486374484
0.8710658898968598
0.8937868581850272
0.9149066941197486
0.9344069734666681
0.9522781740940366
0.9685203054694959
0.9831434817867497
0.9961684264844375
1.0076269022232038
1.017562065743991
1.0260287511492099
1.0330936879757378
1.0388356620811523
1.043345628055839
1.046726781851786
1.049094601821964
1.0505768655933152
1.0513136493039636
1.0514573148256685
1.05117248972759
1.0506360439466027
1.0500370664190475
1.0495768442909281
1.0493520605467643
1.0493060402022942
-0.0
0.04109573848893996
0.08233020734021133
0.1237607178091518
0.16535236954282054
0.2069952204917683
0.2485778198112392
0.28998803524159544
0.3311140549297216
0.37184536164431536
0.4120736190490848
0.45169344967437225
0.49060309275305775
0.5287049344361333
0.5659059088845514
0.6021177777111819
0.6372573058387686
0.6712463617751282
0.7040119774453035
0.7354864055961456
0.765607210850674
0.7943174241124267
0.82156578033625
0.8473070482896276
0.8715024495474567
0.8941201541135081
0.9151358328277227
0.9345332426316036
0.952304819810334
0.9684522580572082
0.982987051885492
0.9959309907174139
1.0073165941325102
1.0171874836337285
1.0255986904668144
1.0326169022867866
1.0383206537570484
1.0428004675682194
1.0461589530247453
1.0485108694467864
1.0499831613482318
1.050714971830714
1.0508576399969551
1.0505746875185573
1.0500417988466109
1.0494467989562695
1.0489896319785004
1.0487663382174874
1.0487206218227816
-0.0
0.04117538623481304
0.08249101575393197
0.12400446590632024
0.1656799330372482
0.20740592574755037
0.24906961094787636
0.29055761667779834
0.3317569908666208
0.3725561251608373
0.41284559586401176
0.4525189129148748
0.49147317328359125
0.5296096150695865
0.5668340695359605
0.6030573125484217
0.6381953238111179
0.6721694702132285
0.7049066366448742
0.7363393322631642
0.7664058014435237
0.795050166295719
0.8222226220815058
0.8478796990782371
0.8719845956143601
0.8945075784213282
0.9154264391815021
0.93472699094447
0.9524035852698591
0.9684596304792985
0.9829080929037184
0.9957719659475213
1.0070846955477546
1.016890554614838
1.0252449628438232
1.0322147515690066
1.037878375933674
1.0423260785192605
1.0456600097743256
1.0479943112091723
1.0494551675069086
1.0501808335766851
1.0503216422554726
1.050039997943958
1.0495103610081131
1.0489192273358725
1.0484651070342474
1.0482433127901198
1.0481978958395417
-0.0
0.041250055488235425
0.08264188663319429
0.12423340728637763
0.1659879908196397
0.20779264051382118
0.2495331646304441
0.29109497256533223
0.33236401008260985
0.3732276491058625
0.4135754926144977
0.45330009448597813
0.49229759833760106
0.5304682967247621
0.5677171095296198
0.6039539808737611
0.6390941974602729
0.6730586367518896
0.7057739593193072
0.737172764632113
0.7671937324468014
0.7957817721920226
0.822888200305579
0.8484709607567048
0.8724948977505396
0.8949320827915573
0.9157621918048587
0.9349729226454944
0.9525604395732338
0.9685298293419212
0.982895553378827
0.9956818818259101
1.0069232975691522
1.0166648613413014
1.024962532127512
1.0318834400945995
1.0375061118703641
1.0419206500932983
1.0452288707000161
1.0475444024507268
1.0489927537878054
1.0497113523746266
1.0498495626696365
1.0495686867431886
1.0490419533155315
1.0484544997388674
1.0480033514031708
1.047783032420891
1.047737904312463
-0.0
0.041319438417856146
0.08278213456011772
0.12444638787835235
0.16627485311285062
0.20815312373815892
0.24996571648440294
0.2915968724225062
0.3329314835068914
0.3738559628639109
0.41425902460076175
0.45403237940408925
0.49307135634687155
0.5312754573885355
0.5685488463716155
0.6048007721319326
0.63994592616679
0.6739047384678706
0.706603619497227
0.7379751606805557
0.76795830919199
0.7964985344950424
0.8235480037498999
0.8490657808477343
0.8730180598679341
0.8953784387814034
0.916128233949018
0.935256831067267
0.9527620642382495
0.9686506121351938
0.9829383989246401
0.9956509876197501
1.0068239546521163
1.0165032363499968
1.0247454403615164
1.03161811755065
1.0371999922707598
1.041581151011377
1.0448631911225748
1.0471593326189736
1.0485944969742544
1.049305357392033
1.0494403653517308
1.0491597583534262
1.0486355537933
1.0480515338493588
1.0476032261910695
1.047384328874136
1.0473394739191606
-0.0
0.04138335214730842
0.0829113426190215
0.12464267992835558
0.1665394107880758
0.20848584770764986
0.25036531530102313
0.29206096274016347
0.3334566917212592
0.3744380186860918
0.41489283979512587
0.45471210912954196
0.493790445344519
0.5320266777403981
0.5693243368875935
0.6055920909981742
0.6407441280128028
0.6747004845393654
0.7073873255454218
0.7387371821393519
0.7686891579906245
0.7971891172234162
0.8241898675052803
0.8496513513665175
0.8735408566286236
0.8958332535234532
0.9165112621290941
0.9355657496681657
0.9529960535064114
0.968810322742143
0.9830258693272521
0.9956695187833667
1.006777950703639
1.0163980201858946
1.0245870528898136
1.0314131082966373
1.036955207742378
1.041303525707665
1.044559544548684
1.0468361742712926
1.048257840061387
1.0489605411042644
1.0490918847952864
1.048811100817643
1.0482890397985836
1.0477081614072838
1.0472625168721714
1.047044963109292
1.0470003615831038
-0.0
0.041441702207036316
0.0830292892578881
0.12482187810817662
0.1667810131035306
0.20878987212051772
0.25073070754911414
0.2924856727214603
0.33393775732800696
0.3749716496328408
0.4154744949617569
0.4553365633694491
0.49445184501740896
0.532718587761651
0.5700397851757096
0.6063236182766681
0.6414838515950984
0.67544018385041
0.7081185548286509
0.7394514124125865
0.7693779463667386
0.7978442977927883
0.8248037546525141
0.8502169441126931
0.8740520316210875
0.8962849346980245
0.9168995567059374
0.9358880427170517
0.9532510564405619
0.9689980743594927
0.9831476910406369
0.9957279281801199
1.0067765393747752
1.0163413028039001
1.0244802948294185
1.0312621387949203
1.036766224835374
1.041082898125815
1.0443136145589467
1.0465710642505324
1.0479792644725408
1.048673624589403
1.0488009863339531
1.048519643337644
1.0479993442661164
1.0474212842510222
1.0469780895944105
1.0467617817854333
1.0467174109819315
-0.0
0.0414944595763896
0.08313589980609003
0.12498382597275479
0.16699937472140874
0.2090647407494515
0.2510612340819153
0.2928701205107017
0.33437356730812384
0.37545551043655295
0.41600241261275495
0.4559039262632907
0.4950534819516679
0.5333488193171194
0.570692471293517
0.6069922069450711
0.6421614347664204
0.67611956681578
0.708792344235441
0.7401121260571205
0.7700181451352125
0.7984567370654444
0.8253815495746999
0.8507537407789301
0.874542174722107
0.8967236217121748
0.9172829692860718
0.9362134473997178
0.9535168689454409
0.9692038842526873
0.9832942460953669
0.9958170801081199
1.0068111545142289
1.016325142711856
1.0244178724991737
1.0311585564349848
1.0366269988922963
1.0409137766245915
1.0441203909979377
1.0463593913414742
1.0477544700608856
1.0484405312025913
1.048563735037059
1.0482815219566848
1.0477626195805898
1.0471870374573333
1.0467460541911482
1.0465308802886988
1.0464867155425734
-0.0
0.041541647712722986
0.08323121693804533
0.1251285673233
0.16719450912472258
0.20931040168253906
0.25135674414063003
0.2932140284101207
0.3347636957899251
0.3758890117089437
0.4164758272472614
0.45641324173995607
0.4955941881284317
0.5339159597550845
0.5712806912704198
0.6075958007742394
0.6427743963714528
0.676735648134634
0.7094051258045482
0.7407151030606728
0.7706048304385149
0.799020780536624
0.8259168706550263
0.8512546691202345
0.8750035920618213
0.8971410972106134
0.9176528804055033
0.9365330790436228
0.9537844848796184
0.9694187666034993
0.9834567007320258
0.995928407732142
1.0068735890974048
1.0163417603945202
1.0243924750965117
1.0310955342763022
1.036531177865318
1.0407902540812228
1.0439743646886932
1.0461959848790658
1.0475785576599064
1.048256563678769
1.0483755683352185
1.0480922488514048
1.0475744046804392
1.047000955251024
1.046561929600016
1.046347767992127
1.0463037836361044
-0.0
0.04158333633358887
0.08331538457860128
0.12525631641337398
0.16736668367880125
0.20952714898981506
0.2516175277093235
0.29351765122449197
0.3351083336799385
0.37627225500464895
0.41689472795868754
0.4568643632615017
0.4960736548754577
0.5344195050865391
0.5718037033409717
0.6081333673449778
0.6433213508271394
0.6772866197732741
0.7099545977139152
0.7412574805029856
0.7711345216609562
0.7995322904429125
0.8264049060184055
0.8517142522377071
0.8754301781894862
0.897530689988026
0.9180021389123136
0.9368394101891264
0.9540461154742297
0.969634790596055
0.9836270985625836
0.9960540363672217
1.0069561429074652
1.0163837044520005
1.0243969536082471
1.0310662576554877
1.0364722923809289
1.0407061981213104
1.0438697154909096
1.0460752991856765
1.0474462092186296
1.0481165799039798
1.048231467824697
1.0479468808663213
1.0474297911705515
1.0468581355592659
1.0464208076157189
1.0462075316949646
1.0461637019247687
-0.0
0.04161963934812664
0.08338864058366736
0.12536744138582318
0.16751639115635528
0.20971558218393413
0.2518442648546034
0.2937817188543092
0.33540822848088486
0.3766059735507117
0.41725980269011215
0.45725790258287013
0.49649238522784545
0.5348598132739064
0.5722616781673543
0.6086048405955126
0.6438019386163796
0.6777717660973023
0.710439622514348
0.7417376345724641
0.7716050502569083
0.7999885065749162
0.8268422731513174
0.8521284747754707
0.8758172967632865
0.897887177449175
0.9183249921714084
0.937126232739765
0.954295185618226
0.9698451110105585
0.9837984238282632
0.9961868762863947
1.0070517407432726
1.0164439904815934
1.0244244754932763
1.0310640900128545
1.0364439285427547
1.0406554273971187
1.0438004893074828
1.04599158932202
1.047351861027313
1.048015162971244
1.048126126021912
1.0478401832279305
1.047323584530903
1.0467533994136757
1.0463175112499261
1.0461049935439752
1.046061293170445
-0.0
0.04165071502577723
0.08345131460828054
0.12546245631465075
0.16764433298194303
0.20987657948121677
0.25203798948619155
0.2940073923848044
0.33566463537971086
0.376891481231292
0.4175723876149442
0.4575951810988665
0.49685164753839506
0.5352380590295888
0.5726556525422178
0.6090110703347493
0.6442167682749635
0.6781913953937149
0.7108601462556882
0.7421550868511059
0.772015454506753
0.8003879325992592
0.827226901446607
0.8524946674782302
0.8761616734761266
0.898206693201502
0.9186170139743491
0.9373886107049079
0.954526314483686
0.9700439781638538
0.9839646404951892
0.9963206893929041
1.007154023954395
1.0165162139706927
1.0244686549960373
1.0310827165906944
1.0364398811621034
1.0406318708939446
1.043760760546055
1.0459390743899095
1.0472898661666095
1.0479467816685597
1.0480541043082512
1.0477667848119498
1.0472504569366112
1.046681441838826
1.0462467444177836
1.046034860191996
1.0459912652674037
-0.0
0.041676767126651124
0.08350382864567787
0.12554201837973908
0.16775141030884821
0.21001128117289677
0.25220006461235545
0.294196231926561
0.3358792792344515
0.377130630759814
0.41783442356172296
0.45787818617825665
0.4971534326151917
0.5355561916861973
0.5729874869391895
0.6093537776143966
0.6445673672603061
0.6785467838938904
0.7112171337878834
0.7425104299217558
0.7723658956839563
0.8007302444183058
0.8275579357314872
0.8528114099876409
0.8764613029801023
0.8984866432711742
0.9188750350320096
0.9376228293306198
0.9547352866776532
0.9702267332551558
0.9841207126646134
0.9964501343036065
1.0072574186960253
1.0165946393419167
1.0245236599945615
1.0311162657729902
1.0364542862155326
1.0406297082896943
1.0437447774907942
1.0459120854650468
1.0472546430497371
1.047905938196026
1.0480099788901265
1.047721321881075
1.0472050887291093
1.0466369713860273
1.0462032301938986
1.0459918604751752
1.0459483487886165
-0.0
0.0416980462409709
0.08354669864844211
0.12560692779599902
0.1678387200148004
0.21012108004363406
0.25233216630718563
0.29435017408711456
0.33605432626025045
0.3773257808439538
0.41804842018744826
0.4581095338113719
0.49740041593614154
0.5358168974614901
0.5732598275855652
0.6096355156680839
0.6448561402880557
0.6788401297985205
0.711512516880138
0.7428052684658232
0.7726575918054596
0.8010162172460065
0.827835658414295
0.8530784508067766
0.8767153702122887
0.8987256328241645
0.9190970792512131
0.9378263448461497
0.9549190187929529
0.9703897942176425
0.9842626112244869
0.996570794250226
1.007357184528358
1.016674267828617
1.0245842970482142
1.0311594087384317
1.0364817322964526
1.0406434903652066
1.043747088973351
1.0459051961076926
1.0472408077231394
1.0478873006340172
1.0479884722643031
1.0476985678315693
1.0471822961713368
1.0466148360509182
1.0461818354563361
1.0459708694654342
1.0459274209095084
-0.0
0.04171485097910851
0.08358053636899875
0.1256581290305789
0.16790755360447504
0.21020761648870923
0.25243627400177693
0.29447151695952506
0.336192363836556
0.377479771461198
0.4182174277407567
0.4582924380260351
0.4975959257779307
0.5360235670258164
0.5734760736976183
0.6098596364901387
0.645086334435041
0.6790745157559661
0.7117491528392965
0.7430421729784992
0.7728927658612543
0.8012476684451232
0.828061427826153
0.853296642867498
0.8769241856450206
0.8989234041079519
0.9192823076735831
0.9379977377142354
0.9550755250070044
0.970530636176575
0.9843873109655029
0.996679191832352
1.0074494469410815
1.0167508871120507
1.024646076808009
1.0312074387783565
1.0365173516254733
1.0406682393205762
1.0437626516027512
1.0459133342491038
1.047243288399793
1.0478858184428934
1.0479845683875169
1.0476935471533517
1.0471771437540933
1.0466101339270157
1.0461776803406753
1.0459670173547135
1.0459236141718917
-0.0
0.0417275289283573
0.08360605107448855
0.12569671252367576
0.16795939773627505
0.21027277663648786
0.25251466518220517
0.2945629107209058
0.3362963867685576
0.3775959060024338
0.4183450157016147
0.4584306868891327
0.49774391749924984
0.5361802688344771
0.5736403503107028
0.6100302632004381
0.6452620106604493
0.6792538788286733
0.7119307920312847
0.7432246439743901
0.7730746060645226
0.8014274136050696
0.8282376304746031
0.8534678929432117
0.8770891334641617
0.8990807855314179
0.9194309709614625
0.9381366711881602
0.955203884309239
0.9706477696628206
0.9844927816290402
0.996772794148718
1.0075312171475916
1.0168211056824101
1.0247052622236859
1.03125633210139
1.036556891804101
1.0406995295724704
1.0437869175882102
1.0459318750430924
1.0472574214806174
1.047896820028464
1.0479936104671408
1.0477016324889532
1.047185039968704
1.0466183075706952
1.0461862315351462
1.0459757822308213
1.0459324091527513
-0.0
0.04173647747055965
0.0836240511199362
0.12572391657746446
0.1679959356122603
0.21031869230488667
0.25256991301530024
0.29462735221062747
0.33636978840562803
0.37767793890349355
0.41843525727908804
0.4585286245020971
0.49784895377984245
0.5362917282974637
0.5737574868665999
0.6101522682472699
0.6453880215047272
0.6793829872835354
0.7120620531602577
0.7433570850839526
0.7732072361779985
0.8015592337490082
0.8283676451520738
0.8535951231381362
0.8772126314095184
0.8991996512873041
0.919544370604393
0.9382438561383463
0.9553042110513754
0.9707407188823173
0.9845779756196512
0.996850011270968
1.0076004021411051
1.0168823747582671
1.024758902073248
1.0313027922347275
1.0365967699475973
1.04073355018246
1.0438159038477914
1.0459567149784672
1.047279029042929
1.0479160921250292
1.0480113809862186
1.0477186243444419
1.0472018160989942
1.0466352216655892
1.0462033790437748
1.0459930663934938
1.0459497106911029
-0.0
0.04174214466257517
0.08363544553342045
0.1257411293203083
0.16801904879533264
0.21034774199260112
0.25260488577440915
0.2946681821201121
0.3364163551567207
0.3777300673961642
0.4184927186486783
0.45859113820386815
0.4979161903540569
0.5363633125715227
0.5738330014653961
0.6102312573345694
0.6454699946923506
0.6794674236582164
0.7121484054133398
0.743444783791568
0.7732956943597886
0.8016478519135973
0.8284558170959744
0.85368224278212
0.877298100919555
0.8992828906316603
0.9196248285500698
0.9383210225033995
0.955377629826337
0.9708100016388246
0.9846428144622202
0.9969101904795166
1.0076558076117206
1.0169330003839867
1.024804852312766
1.0313442802846489
1.0366341111466006
1.0407671505132725
1.0438462436436267
1.0459843281640442
1.0473044784288152
1.0479399414143638
1.0480341642360957
1.0477408136460682
1.0472237882008653
1.0466572241649021
1.0462254966176312
1.0460152564242897
1.0459719078887866
-0.0
0.041745030432186456
0.0836412458085657
0.1257498907395239
0.16803081918978097
0.2103625523375142
0.2526227471648049
0.2946890836060572
0.3364402630818417
0.3777569261203908
0.41852245187024867
0.45862365016732815
0.4979513666489758
0.5364010205526234
0.5738730904533667
0.6102735587522333
0.6455143222336822
0.679513573531011
0.7121961566672289
0.7434938987502095
0.773345919215084
0.8016989175976992
0.8285074406060771
0.8537341291755496
0.8773499462074702
0.8993343857694404
0.9196756646490191
0.9383708972769591
0.9554262551461835
0.9708571119282186
0.9846881755139341
0.9969536081711953
1.007697135917128
1.0169721480538503
1.0248417876275113
1.0313790333606494
1.03666677339965
1.0407978710355894
1.0438752224189476
1.046011806213706
1.0473307251354163
1.0479652393959344
1.0480587922331612
1.0477650279301145
1.0472478030125305
1.0466811916433567
1.0462494865910519
1.0460392677526407
1.0459959186267762
-0.0
0.04174568829679407
0.08364256806631905
0.125751894793637
0.16803353100505808
0.2103659995800334
0.25262695671127616
0.29469408119909624
0.3364460753837248
0.37776358355947415
0.41852999062578533
0.45863211266485826
0.4979608006922082
0.5364114774929319
0.5738846228055097
0.6102862175701681
0.6455281544434304
0.6795286193159129
0.7122124469330755
0.7435114526702695
0.7733647418653891
0.8017189977316457
0.828528748670768
0.8537566157252462
0.8773735409079323
0.8993589971999273
0.9197011810898764
0.9383971886190042
0.9554531759776703
0.9708845057546814
0.9847158799573851
0.9969814608910564
1.0077249809084785
1.0169998419194073
1.0248692053951716
1.0314060734310906
1.0366933612568285
1.040823961431513
1.0439007998443377
1.0460368835778378
1.0473553406904814
1.0479894520434017
1.0480826754327743
1.0477886624895238
1.047271269062485
1.0467045600977731
1.046272810352796
1.046062574946329
1.0460192198242977
-0.0
0.04174472750973167
0.08364063577647948
0.12574899171107687
0.16802967257588144
0.21036121050770473
0.25262126919087685
0.2946875388598064
0.33643873988473366
0.3777555396379594
0.41852134821319226
0.4586230064115037
0.4979513876341003
0.5364019335393885
0.5738751385772708
0.6102769939586925
0.6455193981162067
0.6795205382742596
0.7122052461473787
0.7435053297759149
0.7733598828979888
0.8017155729054052
0.8285269082489781
0.8537564860856118
0.877375220956398
0.89936255532462
0.919706652863992
0.938404575453263
0.9554624448884648
0.9708955903560668
0.9847286827096682
0.9969958565543343
1.0077408210655876
1.0170169603587405
1.0248874240876993
1.0314252088033673
1.0367132304555038
1.0408443882945717
1.0439216203368356
1.04605795050977
1.0473765276047837
1.04801065623529
1.0481038201304882
1.0478096982845917
1.047292174719961
1.0467253429003474
1.0462935061354413
1.0460832294019873
1.0460398651143776
-0.0
0.04174281471248756
0.08363678345857398
0.12574319099561118
0.16802193794195588
0.2103515618907811
0.25260973160905864
0.29467415619506304
0.3364235861391232
0.37773872432744254
0.4185030175034189
0.45860334146385867
0.4979306011727376
0.5363802653645446
0.5738528505391198
0.6102543647279921
0.6454967179414738
0.6794981038046547
0.7121833553271446
0.7434842767778805
0.7733399530559837
0.801697037622909
0.8285100198976291
0.8537414729551555
0.8773622823695296
0.8993518570780418
0.9196983231934942
0.9383987017398037
0.9554590713202649
0.9708947167375279
0.9847302645631909
0.9969998066001359
1.0077470120936651
1.0170252294335762
1.0248975779576492
1.0314370303296267
1.0367264858351752
1.0408588348316605
1.0439370145146647
1.0460740561367554
1.0473931238394703
1.0480275453413697
1.0481208348629918
1.0478267088594708
1.047309095366301
1.046742138033972
1.0463101962225163
1.0460998665224388
1.0460564920198645
-0.0
0.041740673153728446
0.0836324612117429
0.12573666832165759
0.16801322831040666
0.21034067498840825
0.25259667525460133
0.2946589623550624
0.3364063224012124
0.3777194972911687
0.41848197250213975
0.4585806599973787
0.4979064969971788
0.5363549798894023
0.5738266479428241
0.6102275270235831
0.6454695400983167
0.6794708889510258
0.7121564100114552
0.7434579062446858
0.7733144564909072
0.8016727033345822
0.8284871204319556
0.8537202601746442
0.8773429825740877
0.8993346662884915
0.9196834027594858
0.9383861744641905
0.9554490183077582
0.9708871751734721
0.9847252266076358
0.9969972195443466
1.007746779874135
1.0170272155374707
1.0249016096893548
1.0314429043467426
1.0367339748094315
1.040867695050164
1.0439469942122885
1.0460849043423674
1.0474045995263015
1.0480394266930526
1.0481329284985181
1.047838858898967
1.04732119226158
1.046754127130124
1.0463220860572404
1.0461117048482897
1.0460683210942734
-0.0
0.0417390792823874
0.08362923351153374
0.12573177354773618
0.16800665081393848
0.21033240420048896
0.25258670681907086
0.294647312097932
0.33639303531733505
0.3777046499696915
0.41846567195459317
0.45856304078986726
0.49788771768940104
0.5363352193016738
0.5738061014877653
0.6102064031753338
0.6454480569906537
0.6794492710632045
0.7121348848926883
0.7434367012312614
0.7732937953785431
0.8016528029816508
0.8284681872873092
0.8537024867472068
0.8773265438893515
0.8993197164074004
0.9196700714647195
0.9383745642439023
0.9554392017838258
0.9708791931274569
0.9847190867513226
0.996992896162722
1.0077442144382984
1.017026318345885
1.0249022625515591
1.0314449642782864
1.0367372786643412
1.0408720649813168
1.0439522438232827
1.046090845378552
1.0474110489479869
1.048046213980073
1.048139903050862
1.0478458974212526
1.0473282060475027
1.0467610691945666
1.0463289580966189
1.0461185399677202
1.0460751498491243
-0.0
0.041738415990498
0.08362786572439827
0.12572964595193745
0.1680037103944919
0.21032861692366175
0.2525820579266388
0.2946418044847181
0.33638668987356224
0.37769750544815534
0.41845778337961126
0.45855447709386055
0.4978785592821732
0.5363255558838246
0.5737960301522155
0.6101960267315553
0.6454374824251555
0.6794386080638274
0.7121242443857217
0.7434261938986586
0.7732835301358086
0.8016428854071442
0.8284587180031371
0.853693559762281
0.8773182449271608
0.8993121212541344
0.9196632443864796
0.9383685565332717
0.9554340505044069
0.9708749201288115
0.9847156980250927
0.9969903816033264
1.0077425480588325
1.0170254589826908
1.024902155070886
1.0314455412772283
1.0367384626377218
1.0408737709080962
1.0439543821117223
1.0460933250998197
1.047413781283538
1.0480491158089673
1.0481429006088123
1.0478489299729017
1.047331229526423
1.0467640597807966
1.0463319157181477
1.0461214801013612
1.046078087042628
-0.0
0.04173846366225174
0.08362790635361336
0.1257296075331384
0.16800352195653723
0.21032823056819785
0.25258144938564026
0.2946409680635274
0.3363856321048466
0.3776962404787261
0.4184563301057116
0.45855285735523504
0.49787679669916235
0.5363236751270191
0.5737940564943338
0.6101939857587236
0.6454353998191082
0.6794365094013306
0.7121221549275827
0.743424138356553
0.773281532413653
0.8016409683182042
0.8284569029668493
0.8536918664870795
0.8773166910878987
0.8993107221749488
0.9196620127419849
0.9383675020824479
0.955433179872244
0.9708742366504826
0.9847152016660605
0.996990068966399
1.0077424124859322
1.0170254907552354
1.0249023417085013
1.0314458679303948
1.0367389125662354
1.040874326034128
1.0439550236340782
1.0460940341547997
1.0474145396376047
1.0480499065692088
1.048143708938786
1.0478497438036842
1.0473320402555777
1.0467648629556758
1.0463327117049992
1.046122272347789
1.046078878711529
