0.0
0.0
0.0
0.0
0.0
0.0
0.0
0.0
0.0
0.0
0.0
0.0
0.0
0.0
4.295096488981273e-05
9.277038684982727e-05
0.000148323549721883
0.00020674347296012767
0.00026372055473962143
0.0003144213085872716
0.0003545702163866935
0.00038128988809488375
0.0003934860103242187
0.000391767028461431
0.00037803604839693386
0.0003549240062614977
0.0
8.371471880956573e-05
0.00018332009119005006
0.0002963693373284834
0.00041634939738466467
0.0005334434426704757
0.0006368840216987227
0.0007175760269096195
0.000769899056492431
0.0007922601708042684
0.0007865819264407073
0.000757207876494035
0.0007096729268390014
0.0
0.00013334620001769762
0.0002910282503130694
0.00046756663873913053
0.0006515173764954407
0.0008270970783285431
0.0009781581163437985
0.0010921302931595777
0.001162271570886892
0.001187877111540638
0.0011730411369430308
0.0011248328215055232
0.0010515486902391102
0.0
0.00020208119155321576
0.0004331782231627368
0.0006818639310440522
0.0009303756608805391
0.00115760601663077
0.001344389953824187
0.0014777806291774696
0.0015526910751003467
0.0015711255024273623
0.0015401061918294521
0.0014693519086036444
0.0013693673989817168
0.0
0.0002982852134328699
0.0006226216521078887
0.0009521982465196698
0.0012622740176401065
0.001528795617353374
0.0017338189660626865
0.0018683811349538375
0.0019322663319134262
0.0019318519383177285
0.001877435664087812
0.0017808985698727746
0.0016540882159976854
0.0
0.0004269946762940187
0.0008647574095018901
0.0012804129891831764
0.0016436080926498882
0.0019320556173912655
0.0021347296311185816
0.002251244701603215
0.0022889024364150102
0.0022593458554007128
0.0021758970271771798
0.0020517871310541964
0.0018992263740689756
0.0
0.0005878913216623585
0.0011538963770044413
0.0016532851772253147
0.0020549191695614006
0.0023451747190441673
0.002525761222118695
0.0026082112005631234
0.0026084747877781677
0.0025432630903668204
0.002428152474633456
0.0022768188567384258
0.0021009809356236694
0.0
0.0007724691052320276
0.001469460327362126
0.0020400716711093795
0.002461033519515908
0.002734654497907118
0.0028790973171216165
0.0029185518887848475
0.0028768821508724806
0.002774780098456551
0.002629125787492571
0.0024533237438848342
0.0022580658336258997
0.0
0.000960578609099738
0.0017737022327020467
0.002394092599510585
0.0028160750676952642
0.0030619555826502443
0.0031659659108474758
0.0031628245877769064
0.0030822567503025655
0.0029475645820419647
0.0027761912804075356
0.0025809303119600723
0.0023713026266063597
0.0
0.0011184845813139925
0.002014871989363952
0.0026612592676344984
0.003073762215721386
0.0032923028292193577
0.003362670017497013
0.0033263379582374004
0.0032166006605310236
0.0030582845122268526
0.0028690561720499373
0.0026611416833451484
0.002443083407393636
0.0
0.0012046498803859173
0.002140920879966306
0.002795866693455216
0.0032001016660401353
0.003402779698791449
0.0034549606371498745
0.003401187775726504
0.003276519360357835
0.0031066470720873037
0.0029094396007000927
0.00269684484521869
0.0024768235846722277
0.0
0.0011909476517924856
0.0021231570160414616
0.0027775192566168233
0.0031826259796173062
0.003386467810692778
0.0034396290971475327
0.003386737985573362
0.00326321526544419
0.003095154166818996
0.0029007000380987537
0.0026918718337032945
0.002476500375901523
0.0
0.0010888503395029049
0.00197430305438307
0.0026184662334200266
0.0030319709585677644
0.0032521671164484566
0.0033239403090870477
0.0032891368450884014
0.0031821048560815796
0.003028775638777281
0.00284752539437913
0.0026506859747442817
0.0024463316294570485
0.0
0.0009381725375131717
0.0017407240310225718
0.0023572948835533666
0.0027776145421945842
0.00302183828192215
0.0031241167385823235
0.003120428469433854
0.0030423074006257034
0.002914647529912835
0.0027557305863930453
0.0025782129205070814
0.002390607549696926
0.0
0.0007770370628538738
0.0014759715898233997
0.0020452144192508177
0.002461091285302715
0.0027269139421765877
0.002863276057483727
0.002897430704121071
0.0028560694025112294
0.0027618026333342074
0.0026321442712350187
0.002479791518416432
0.002313653594210113
0.0
0.0006305680597608715
0.0012220910040308848
0.0017297791445722002
0.002126048250789233
0.0024029751844725647
0.0025686297110346385
0.002640272126158853
0.002638041024874717
0.0025808600581547756
0.002484519253753406
0.0023611879090129914
0.002219878715938307
0.0
0.0005108781136581435
0.0010041053332978844
0.001445040896148006
0.001808937476215503
0.0020833523730996984
0.0022677296038631023
0.0023703555684872605
0.0024042385803211184
0.0023835529686011925
0.0023213728537960724
0.0022285977574342634
0.0021138490120822346
0.0
0.0004207890273735245
0.0008321962119973682
0.00120955071616834
0.001534086696767062
0.001793939258873125
0.0019845265341750912
0.002107843546708028
0.00217060850956509
0.0021819884354582924
0.002151663761420899
0.0020885589850324544
0.0020003232047102705
0.0
0.0003577938718868261
0.0007064031435613277
0.00102905324134151
0.0013133746079836376
0.0015508289461920977
0.0017365136210517346
0.0018692727379916783
0.0019513830982776721
0.0019876527646244483
0.0019842614109126127
0.0019477190183144729
0.001884196169039605
0.0
0.000317041392492781
0.0006211239917690724
0.0009007044491467507
0.0011486935271835892
0.00136067821322925
0.00153366812842333
0.0016659963575630964
0.001757646588305914
0.001810346779968144
0.0018272619447720852
0.0018124520769952869
0.0017703237323103299
0.0
0.00029319841236773186
0.0005684538953583957
0.0008169920662304168
0.0010353204255379033
0.0012227323727927438
0.0013790377016760446
0.00150377623668817
0.0015964976437455177
0.0016573251711012962
0.0016872992826175274
0.0016883887904544552
0.0016632435735045557
0.0
0.0002814270045553167
0.0005402820687044004
0.0007686622438548823
0.0009650241042910391
0.0011313899350104293
0.0012703260474072893
0.001383383371847537
0.0014709527909069547
0.001532855455582506
0.001569027296537623
0.0015799683471703512
0.0015668488315524747
0.0
0.00027777760378015054
0.0005294024170364476
0.0007465851056180757
0.0009284146504614451
0.001078559518267288
0.0012017975027191782
0.0013018067281529544
0.001380478306934544
0.0014382593161276953
0.001474894834927556
0.0014901252726406916
0.0014840934692645193
0.0
0.0002792475211429046
0.0005299576684668822
0.0007427571529315136
0.0009164667109885223
0.0010554644294949972
0.0011660228353541665
0.0012536486697648918
0.00132189632538782
0.00137235148269214
0.0014052383292910936
0.0014201802514106523
0.0014168010168257915
0.0
0.0002836770379384992
0.0005374889782487988
0.0007507016693745164
0.0009213495337467428
0.0010538304881516746
0.001155229174723797
0.0012323998665911267
0.0012903989763878123
0.0013321114503786766
0.001358629619825885
0.001369942474692057
0.0013656165094127852
0.0
0.0002895873848823187
0.0005487854677810631
0.0007654994547196222
0.0009367571537141509
0.0010665404099326368
0.0011621992501411147
0.0012314320965116747
0.0012804714124655568
0.001313417085896835
0.0013323704665039596
0.001337978356785551
0.0013301013293704777
0.0
0.00029601603183809007
0.0005616566549125215
0.0007836235255038951
0.0009579206618435702
0.0010878914724437928
0.0011807704754110827
0.0012446655418022333
0.001286614130348294
0.001311709767921049
0.0013230222109163932
0.0013219741033977511
0.001308938175302724
0.0
0.0003023738309245695
0.0005746968947558234
0.0008026929399232059
0.000981445146962798
0.001113592880763478
0.0012060283092292204
0.001266940824100378
0.0013038317544403423
0.0013225167510820253
0.0013268843608172484
0.001319118268095983
0.0013001969209276104
0.0
0.0003083312333313817
0.0005870752633258927
0.0008212142465195018
0.0010050703747983834
0.001140614801119168
0.0012342935573660602
0.0012941602174285306
0.001327906287567294
0.0013418065501861233
0.001340371527912384
0.0013264465601482782
0.0013016117258894688
0.0
0.0003137323602252763
0.0005983630511863839
0.0008383463307282115
0.0010274171464295311
0.0011669702135286427
0.001262988968072155
0.0013232696304011752
0.0013554985352038141
0.0013661880214596355
0.0013602711027265893
0.0013411142116188826
0.0013108303054251856
0.0
0.0003185324432623818
0.0006083997125589129
0.0008537036587090789
0.0010477536911837522
0.0011914825264690313
0.0012904493511405515
0.0013521450475610002
0.0013841285474857938
0.001392982698781671
0.0013838879486453622
0.001360583091992441
0.001325611397323804
0.0
0.00032275354548094243
0.0006171929514933632
0.0008672009393171851
0.0010657978877785805
0.0012135697362397383
0.0013157186770251978
0.001379432985943952
0.0014120818786785916
0.0014202062293226512
0.0014090960849431956
0.0013827271871488288
0.0013439611291951213
0.0
0.000326454017511545
0.0006248469111475274
0.0008789360811413302
0.0010815596903647905
0.0012330602199898022
0.0013383604182096898
0.0014043795805535062
0.00143827918385623
0.0014464929296522083
0.0014343225197075685
0.001405869931508215
0.0013642103214388007
0.0
0.0003297080319320207
0.0006315124366671747
0.0008891057257629882
0.001095221787948322
0.0012500450817596795
0.0013582946546910723
0.0014266699248374074
0.0014621361202475508
0.0014709914890587113
0.0014584877930181267
0.0014287710241370855
0.0013850418541586863
0.0
0.00033259240166491275
0.0006373541089280733
0.0008979470213639541
0.0011070534861429508
0.0012647659760099236
0.001375666843160568
0.0014462892690903755
0.001483430913961887
0.0014932525007574343
0.0014809239771011824
0.0014505803970605604
0.0014054804524615062
0.0
0.00033517859752135785
0.0006425296764406988
0.0009056996769543606
0.001117351762419912
0.0012775342308541235
0.0013907478288635222
0.001463410635302663
0.0015021892561431092
0.001513121509281194
0.0015012858225042767
0.001470774615579856
0.0014248575782998107
0.0
0.00033752842026818486
0.0006471784093485415
0.0009125831345299846
0.0011264035225750475
0.001288675851917054
0.0014038617675988768
0.0014783088897074824
0.0015185905959627186
0.0015306454601611398
0.0015194657108410945
0.0014890875364293437
0.0014427626463216611
0.0
0.000339692182061469
0.0006514156762690731
0.0009187846074655229
0.0011344637153616111
0.0012984968557684267
0.0014153373422603668
0.0014912987287128943
0.001532896184428422
0.0015459960835488324
0.001535518759874483
0.0015054434627706443
0.001458989437758838
0.0
0.0003417085472572178
0.000655331686096437
0.0009244546086517819
0.0011417448103455516
0.0013072638496865732
0.001425477396800548
0.0015026928106374369
0.0015453970127251174
0.001559410761749499
0.00154960108999596
0.0015198978553699334
0.0014734840432736635
0.0
0.00034360540441058117
0.0006589928549397248
0.0009297073679802737
0.0011484140252302462
0.0013151955168848874
0.0014345424345874936
0.0015127759334244725
0.0015563786797598363
0.0015711495910165167
0.0015619219069206772
0.0015325881281430778
0.0014862983378191269
0.0
0.0003454013117199742
0.0006624446724758168
0.0009346241965571862
0.0011545955079852442
0.0013224614875977912
0.0014427440438212027
0.0015217913608031746
0.0015660998614498503
0.0015814663750128254
0.0015727085522523516
0.0015436952176820957
0.0014975510840839641
0.0
0.00034710719147898147
0.0006657152705505196
0.000939258395948508
0.0011603753936803068
0.0013291858666718882
0.0014502450329285392
0.0015299358842072114
0.0015747811576256212
0.0015905909218078928
0.0015821828381685837
0.0015534154024778044
0.001507397336096319
0.0
0.00034872805405977643
0.0006688191550805776
0.0009436407449375394
0.001165808252862703
0.001335453391828596
0.0014571637720453465
0.0015373608073401567
0.001582601453573814
0.001598720042058712
0.001590546629495592
0.001561941139918958
0.001516005842325521
0.0
0.00035026461411970857
0.0006717607623756669
0.0009477849367799701
0.0011709239299547386
0.0013413167905915978
0.0014635808817252665
0.0015441766495000078
0.0015896994082161384
0.0016060148971538304
0.0015979746038562183
0.0015694493582031539
0.0015235435547071767
0.0
0.0003517147249435066
0.0006745376528426774
0.0009516926002183991
0.0011757341463051784
0.0013468043838555826
0.0014695469580492332
0.0015504599216484645
0.0015961781757096833
0.0016126027032246724
0.0016046122792252996
0.0015760955673132361
0.001530166048314741
0.0
0.00035307460413733216
0.0006771432669842659
0.0009553577302610512
0.0011802385259847671
0.0013519273560606332
0.0014750904650446585
0.0015562608042026676
0.0016021119247096062
0.0016185811794631182
0.0016105776523914186
0.0015820122404405312
0.0015360125613397711
0.0
0.00035433985789765695
0.0006795692477417105
0.0009587704912798571
0.0011844299063067123
0.0013566863862851258
0.0014802252624423686
0.0015616109348302377
0.001607553108339259
0.0016240244866573858
0.0016159650754779948
0.001587310090704094
0.0015412044050490295
0.0
0.0003555063340848338
0.0006818073854453427
0.0009619204449030884
0.0011882989312852893
0.0013610775227527626
0.0014849574764310971
0.0015665307966157777
0.0016125397442220233
0.0016289897062168187
0.0016208502693004796
0.0015920810764039179
0.0015458456135334683
0.0
0.00035657084821988464
0.0006838512714576227
0.0009647993058460019
0.0011918380044975872
0.00136509729583003
0.0014892915724032758
0.0015710363868035873
0.0016171021855584523
0.0016335231495587504
0.0016252956098622353
0.0015964021797631614
0.0015500248651746675
0.0
0.0003575318325491823
0.000685697756889724
0.0009674033450202401
0.0011950447049061553
0.0013687471101645249
0.00149323556121963
0.0015751449527220346
0.001621269007112037
0.0016376659631671194
0.0016293550208589186
0.0016003392037793039
0.0015538178884488606
0.0
0.0003583899568106632
0.0006873483043190066
0.0009697355427919311
0.0011979247488323893
0.00137203694159844
0.0014968052736977807
0.0015788796162923013
0.0016250717065238976
0.0016414586161638785
0.0016330779656576681
0.0016039500165916235
0.0015572897522138597
0.0
0.0003591487592635121
0.0006888102914127517
0.0009718075446861939
0.0012004945142504349
0.00137498829387718
0.0015000275822654155
0.001582272687352575
0.0016285479504601008
0.001644943943372458
0.0016365121708208318
0.0016072868485361295
0.001560496630815844
0.0
0.0003598153050000846
0.0006900982708620188
0.0009736413825978289
0.0012027830288879864
0.0013776362495660057
0.0015029423479505743
0.0015853674105502653
0.0016317431029026113
0.001648168493304449
0.0016397048497222748
0.0016103974238316993
0.0015634868258725015
0.0
0.0003604008501026356
0.0006912351027718571
0.0009752707898827143
0.0012048331609432871
0.0013800302890605756
0.001505602746842565
0.0015882178317484443
0.0016347097939779552
0.0016511820282852354
0.0016427023505613538
0.0016133248952617096
0.0015663010156928936
0.0
0.00036092142629335624
0.0006922527424467363
0.0009767417521168351
0.001206701545762244
0.0013822333719677657
0.0015080735182849987
0.0015908864514512363
0.0016375053644647685
0.0016540351750393223
0.0016455483444276955
0.0016161067468200892
0.0015689718789204138
0.0
0.0003613981596032947
0.0006931922763819036
0.0009781116962165445
0.0012084565527722085
0.0013843186172568939
0.001510426633181168
0.001593439412463568
0.001640187199179139
0.0016567754527811738
0.0016482808978806787
0.0016187730216041915
0.0015715233798204848
0.0
0.0003618569845695506
0.0006941025450471569
0.0009794464448523352
0.0012101733910168451
0.001386362854891948
0.0015127339858581512
0.0015959392141623701
0.0016428062787288377
0.0016594422146194848
0.0016509290173090576
0.0016213443862791827
0.0015739700787648328
0.0
0.00036232720123946494
0.0006950363822620384
0.0009808138014338011
0.0012119253620519255
0.0013884364672502216
0.0015150570698021612
0.001598435416599679
0.0016453997394729695
0.0016620613888310028
0.0016535094519346497
0.0016238306081820073
0.0015763168133908333
0.0
0.00036283804735958493
0.0006960431868387018
0.0009822724984669884
0.001213770457706664
0.0013905894528325568
0.0015174343092084343
0.0016009545121727004
0.0016479837783048908
0.001664641204118219
0.0016560246100263461
0.0016262299435549816
0.0015785589721955973
0.0
0.0003634121603759658
0.0006971563531543625
0.0009838554585720621
0.0012157332114028174
0.0013928347052623634
0.00151986783373661
0.0016034910205626268
0.0016505487177619666
0.0016671701742073427
0.0016584622823356623
0.0016285296916391777
0.0015806833823827715
0.0
0.00036405460643790965
0.0006983743029863566
0.0009855472457008514
0.0012177832459151366
0.001395131222220752
0.0015223129020841756
0.001606002659172152
0.0016530581944763111
0.0016696183256052013
0.0016607974266043542
0.0016307078057752214
0.0015826696429796872
0.0
0.00036473636144965276
0.0006996349970863731
0.0009872577157464242
0.001219814555073935
0.0013973722327463032
0.0015246745228715355
0.0016084127060944208
0.0016554539256371464
0.0016719418701131481
0.0016629956194781643
0.0016327351188518352
0.0015844916841977201
0.0
0.0003653724043626426
0.0007007866594632023
0.000988797662100844
0.0012216331243350724
0.0013993854937564341
0.0015268163261119459
0.0016106218019576153
0.001657666112103451
0.0016740903592652682
0.0016650171917660717
0.0016345776746041368
0.0015861195470952467
0.0
0.00036579817414885075
0.0007015628932283013
0.000989867680600825
0.0012229642471209296
0.0014009539997124952
0.0015285852692775543
0.0016125289155348797
0.0016596273950558078
0.001676014284256051
0.0016668209708935137
0.0016361990816152745
0.0015875218669616986
0.0
0.00036575582422379815
0.0007015785920569473
0.0009900776098549602
0.001223492958379284
0.00140186294902106
0.001529851124167634
0.0016140571315231642
0.0016612862439760305
0.0016776709420174998
0.001668367387885897
0.0016375637379031226
0.0015886701169222468
0.0
0.00036491392010314815
0.0007003730497367451
0.0009890191196253186
0.001222947809899541
0.0014019701420094643
0.0015305515998754334
0.0016151758015533826
0.0016626153561141938
0.0016790280231903433
0.0016696224903444364
0.0016386428251252386
0.00158954592772608
0.0
0.00036295235797486486
0.0006975498486581049
0.000986420526081483
0.0012212246240111322
0.001401280115134196
0.0015307243870472315
0.001615909037544823
0.0016636132651823398
0.001680067425916779
0.0016705660892178936
0.0016394252049675372
0.0015901522410865616
0.0
0.0003597989434303368
0.000693174746368954
0.0009824701402097447
0.0012185661504903647
0.0014000112770394617
0.0015305144245976697
0.001616324848172969
0.0016642969366452945
0.0016807868156139638
0.0016711998531638305
0.0016399278547714266
0.001590522923620466
00012465801739351283
2.0727278917987288e-05
-7.797143635277163e-05
-0.0001709189551001772
-0.0002576943204612731
0.0010468789393258328
0.0009326568803542828
0.0008156558278143582
0.0006972386676825312
0.0005786763772541783
0.0004611372028233207
0.00034568290387550427
0.00023326579641167808
0.00012472770180779624
2.080055575664581e-05
-7.789167338013731e-05
-0.00017083134799317058
-0.0002575987543538612
0.0010471845506711704
0.0009328728384161046
0.0008158049814496501
0.0006973399180662085
0.000578744889925192
0.00046118483105453374
0.0003457186833152331
0.0002332964237181046
0.00012475795702443602
2.0833657286465112e-05
-7.785377577680295e-05
-0.0001707877271005194
-0.00025754930406189934
0.0010473766202483735
0.0009330003028875586
0.0008158866054759785
0.0006973901979655214
0.0005787746844213138
0.00046120208494330875
0.00034572909261789845
0.0002333039910101673
0.0001247654231123659
2.0842819798055803e-05
-7.784183482894302e-05
-0.0001707724786152902
-0.00025753065714540673
0.0010474806404010288
0.0009330640303346877
0.0008159237947619961
0.0006974105730918074
0.0005787848317939212
0.00046120631965856934
0.0003457301642228316
0.00023330361886068514
0.00012476467348421891
2.0842352600205477e-05
-7.78416171019874e-05
-0.0001707713484647954
-0.0002575285215502822
0.0010475298847564863
0.000933093436012589
0.0008159418135005823
0.0006974224183639769
0.000578793419659517
0.0004612130911788985
0.0003457356958631038
0.000233308047084538
0.00012476796476035
2.0844455579355327e-05
-7.784070217115027e-05
-0.00017077155358237464
-0.0002575297231592198
0.001047564107514348
0.0009331209928821243
0.0008159664394420159
0.000697445856737967
0.0005788161633313505
0.0004612349688388828
0.0003457562632371932
0.00023332682926413401
0.00012478458715859265
2.0858697719580705e-05
-7.782890191669386e-05
-0.0001707621213578586
-0.00025752248346372684
001707703338863102
-0.0002575285517944636
-0.00033779704456980345
-0.0004113512107372996
-0.0004780563123226663
-0.0005378637715600816
-0.0005908076900383717
-0.0006370016369109607
-0.000676635729716925
-0.0007099748860885747
-0.000737353004711832
2.0857389895198142e-05
-7.783016843355488e-05
-0.00017076090119158487
-0.0002575213116750022
-0.00033779175901279586
-0.0004113476126304509
-0.0004780541326073863
-0.000537862758585497
-0.0005908076214150912
-0.0006370023249313902
-0.0006766370217732085
-0.0007099766615285771
-0.0007373551699263322
