-0.333330000000000
-0.257963855421000
-0.199441920270000
-0.153942900551000
-0.118495856728000
-9.078621093630000E-002
-6.900461249730000E-002
-5.172879314310000E-002
-3.783069747710000E-002
-2.640282458740000E-002
-1.669897115810000E-002
-8.085506794949999E-003
0.000000000000000E+000
8.056205200680001E-003
1.624726554020000E-002
2.458382190520000E-002
3.307715158840000E-002
4.173923511390000E-002
5.058283026210000E-002
5.962155430870000E-002
6.886997564640000E-002
7.834371614890000E-002
8.805956585650000E-002
9.803561182770000E-002
0.108291383317000
0.118848015822000
0.129728436987000
0.140957577921000
0.152562614133000
0.164573241120000
0.177021990614000
0.189944594753000
0.203380406902000
0.217372889750000
0.231970183654000
0.247225771073000
0.263199256698000
0.279957287508000
0.297574643019000
0.316135533661000
0.335735155220000
0.356481560345000
0.378497925251000
0.401925312614000
0.426926062226000
0.453687982432000
0.482429572083000
0.513406581312000
0.546920329514000
0.583328355342000
0.623058198950000
0.666625446697000
0.714657659953000
0.767926555235000
0.827391957677000
0.894262879504000
0.970084048409000
1.05491368883000
1.14083062621000
1.22674756359000
1.31266450097000
1.39858143835000
1.48449837572000
1.57041531310000
1.65633225048000
1.74224918786000
1.82816612524000
1.91408306262000
2.00000000000000
