0.000000000000000E+000
4.039182211370000E-006
8.320033517920000E-006
1.309868236520000E-005
1.866104102040000E-005
2.533991204400000E-005
3.353490026510000E-005
4.373632161530000E-005
5.655453931560000E-005
7.275648263860000E-005
9.331153320070000E-005
1.194495242230000E-004
1.527343229210000E-004
1.951573985490000E-004
2.492569743810000E-004
3.182698926430000E-004
4.063252786470000E-004
5.186915912900000E-004
6.620918412410000E-004
8.451058366950000E-004
1.078683523550000E-003
1.376800133740000E-003
1.757292340050000E-003
2.242925445560000E-003
2.862755458880000E-003
3.653867549900000E-003
4.663594899730000E-003
5.952350701480000E-003
7.597242753770000E-003
9.696686912329999E-003
1.237629542830000E-002
1.579639247890000E-002
2.016160655500000E-002
2.573311362750000E-002
3.284426361770000E-002
4.192052512150000E-002
5.350494170310000E-002
6.829062284030001E-002
8.716221349190000E-002
0.111248823462000
0.141991583389000
0.181229869311000
0.231311354732000
0.295232474728000
0.376817706242000
0.480948391101000
0.613854792530000
0.783488859235000
1.00000000000000
